200
36648
19781
39613
31259
10017
38755
38541
18284
36655
14452
19431
28922
31727
25398
28894
10655
38306
40051
15972
12434
41077
21043
31411
16953
31239
29488
33516
35646
36901
39562
38910
20965
13528
41916
29386
18845
29601
15055
25477
17621
19459
15566
32861
14608
30018
31865
10079
18748
36715
16189
22424
19007
26004
34404
42362
30164
42341
30858
20098
16277
12247
32592
12312
32856
26428
27988
42423
27583
40576
16480
37453
33803
36270
21473
39141
32817
28597
38811
18563
22576
11629
40604
16207
27553
14805
39534
35062
30352
33695
38545
15438
18570
40942
34856
39993
29175
37470
34291
16331
23467
22085
15485
34223
31927
36152
29335
22214
41605
30417
12804
31762
32548
38320
26742
35795
29152
42432
38074
12783
15894
18363
21551
22423
42054
34289
25724
28200
37226
38469
28034
24911
22662
32120
10128
29809
10881
30634
12758
36682
16435
18973
11549
15828
27327
25149
28341
26474
32291
26077
24494
33069
18957
39108
23627
16295
38129
15208
10163
35758
19800
18169
18410
16011
25979
10913
24064
26972
36112
28171
20104
11191
15716
23842
20044
23952
19370
41243
10047
36957
30098
27317
18867
11127
39966
37311
32204
10180
41138
19931
18741
11923
39018
27779
23825
40903
18863
10313
41013
17208
10253
