2000
26734
27097
2563
24314
6053
32547
11161
30479
29973
8443
5586
20068
7515
19620
6067
25463
4679
17588
20804
24253
202
20333
18582
25493
7701
12105
20483
28031
24575
2519
8632
3465
5287
12486
21617
7179
7515
319
3460
12948
20665
19833
5153
548
18452
1159
10712
22940
7194
3188
19547
28786
21683
657
17542
18857
4140
22030
9884
17153
9620
28872
10196
9323
18022
25186
27924
17343
25449
16791
14076
4273
22741
14286
3878
7426
9655
27375
23212
29939
12950
14710
30187
23551
27479
31942
15751
16841
12382
17855
10416
852
25334
18322
22691
19570
4339
25812
16755
11647
918
4818
20489
14670
13744
1829
12649
16228
29962
25478
7992
30308
13061
21475
21883
10955
18558
21170
5538
17885
12532
1925
23237
16608
237
29662
9005
22663
7061
25157
29462
5297
27561
19353
29875
30804
9107
9892
22899
28083
18647
22001
24707
17112
3757
10210
9876
19006
17391
7421
8926
29646
22582
26759
30053
29196
15425
24404
27259
16275
8598
18653
22406
6335
23915
18067
13571
15785
29382
17779
6603
4184
2020
11739
31637
25397
19160
17820
22717
3008
2420
30800
12100
3458
108
31214
25879
28994
9657
30619
1428
7292
29244
19139
30794
15631
28324
25193
5376
7478
1937
22203
14585
29625
27897
23274
16759
1125
204
312
3966
9401
6355
1363
30938
30946
6110
4321
19044
31978
8734
11868
16256
11820
28880
24096
4842
26891
2331
450
3251
20195
23100
4516
12678
18496
1760
20678
30512
30542
24017
29407
8799
11921
17877
26797
12714
16342
8404
18057
31186
14186
27192
31038
22344
22409
5273
15643
6383
26649
27290
2887
2082
11929
30478
29013
12793
8788
14432
1816
21960
12506
9009
30393
7401
9904
14402
19206
32700
4167
12693
30733
31723
10027
2767
20970
32755
8061
26849
26077
12256
27043
9447
27040
26455
15422
32336
13559
7386
31324
14400
31112
2632
18928
9778
11501
16035
28287
27618
22792
32022
15387
29802
18070
3383
13973
25771
13831
24713
12527
3310
6798
12613
272
7627
2932
32346
7099
9291
24497
2226
11458
4425
10173
13751
32631
20510
31140
31510
19300
12413
17241
14274
14652
10139
5964
7741
13329
11411
10046
5139
23238
13322
24916
10919
9672
3854
25451
5425
5369
12612
14508
16392
31213
8771
5472
27933
12889
7739
1285
31176
26312
10714
16033
12744
8592
7536
4950
21381
20997
27473
11063
10647
4076
9595
1114
23948
13107
1656
26670
26598
5087
390
19215
16740
1605
7670
18968
14723
26493
8658
15161
5699
19988
20418
905
24878
13057
15408
10205
1431
9946
32171
19353
9248
26440
15497
4550
16255
26809
26065
5221
9857
10324
1368
26115
16206
23090
2857
20878
6128
18379
42
19559
24591
29358
28157
20152
12286
20342
32293
1544
16636
11513
5226
5645
31411
7106
26750
23489
31237
27074
25312
26296
29960
1602
16641
7344
8271
25116
17574
15210
31084
8235
29325
11448
6834
10752
9299
24792
31808
31958
29077
8960
17979
17096
13398
7226
6234
3138
11424
30834
27304
15798
1902
25037
27525
1424
19658
17981
32494
28267
31027
6995
17151
24965
17985
5204
15798
11632
26252
32398
6138
25867
14537
14316
2524
10929
13878
29641
23580
15280
8249
16898
8943
20477
12611
3151
5631
8742
21755
32211
10676
13191
11161
2289
19890
8385
23695
32610
29859
6760
31855
28804
18742
22012
2569
16885
13415
2843
18131
13921
6402
20724
28303
22168
26722
28671
4647
28900
29823
31724
6620
8857
9000
18905
12959
8173
26252
5831
10943
11786
7935
29263
453
866
18939
16785
12189
579
8805
28270
26358
427
5650
5879
22250
6237
13450
20772
12258
7732
31500
22218
28596
22456
8658
11719
14607
32751
20117
8319
14873
9334
20564
6797
26198
1999
18514
15794
1996
32253
25694
17169
27493
30542
3670
31903
11412
11641
13550
2773
25659
9960
4526
6824
16077
1111
4154
16314
15792
19614
15062
16082
10213
10955
20521
23690
28138
21108
26177
1095
1247
32332
16088
23406
31977
15603
12502
5333
22228
19
19223
6264
23804
8616
5229
21358
877
21407
3305
17435
4937
11683
21590
5798
9578
19764
6663
26029
12361
15353
14803
29496
11550
4183
10845
28140
6217
31810
8345
5762
20721
15955
3211
22903
7147
10523
21330
12548
19933
13496
27238
25424
24739
20133
14366
28901
30705
23511
23925
18272
6458
8453
19725
3181
6865
1351
21364
5363
3663
25314
29863
23692
10804
23138
17108
4408
30417
23530
4708
1874
16997
23241
12089
10691
8326
24397
30516
14965
30914
27356
32251
30475
26759
25152
7673
30159
31808
29251
6822
20203
961
8828
14344
26077
1509
2664
27514
26405
6005
23741
2476
20032
6476
15610
5611
2010
8633
4931
5794
1088
5413
21100
4897
19988
12790
25684
7838
31044
5043
12404
5241
32316
29032
28855
27077
21851
6988
18572
14339
26276
31649
21050
25904
8631
7900
5749
3331
20991
1798
8750
3952
812
20066
11951
26736
2532
23888
4070
13572
1205
14193
23809
2423
26959
9228
1852
31972
29168
13744
21239
3577
32543
29979
26380
17658
16797
13147
26207
14089
16537
18227
18359
20132
4131
14784
24524
32111
19427
9820
20897
15156
10763
20931
22803
30248
14986
15477
9138
22640
9859
13403
11217
1763
1021
10668
18905
15634
4572
19218
28643
27269
28688
11529
17285
13640
10252
136
2539
1447
6521
7396
6698
32565
7980
24817
18898
2835
86
12138
1986
22382
507
2707
6465
28746
11430
4892
11594
21886
6746
28233
14886
12800
24779
22352
22849
6243
27598
24579
5430
26782
23567
9390
24108
17167
15874
30531
6245
11456
11548
17844
30996
18664
14146
16289
9583
19381
5250
32563
18438
2632
1793
14664
4179
19458
30516
14544
20626
16638
8275
10614
11731
16862
24843
30084
5709
15563
1140
15104
29173
29623
5954
7195
16719
28645
7487
28365
7812
20140
15097
4025
21686
19320
10167
23638
400
11025
31666
6224
29985
27680
11906
16940
17386
24815
22999
6956
16181
5744
5225
26226
18345
11393
31026
9063
11804
878
11994
18270
5800
25271
883
14965
4609
32020
28774
7100
24837
30135
6829
4250
5781
19153
9027
9068
2980
18775
23513
30062
22925
28166
13259
18399
20138
22437
29010
8288
4386
11914
2811
3230
25602
9567
13656
18736
17040
30502
30965
20419
17884
1659
25741
4212
2199
537
12158
23165
32040
12960
24699
14356
27133
21910
19585
16784
31
10667
524
11214
16394
4161
29834
5587
8379
26667
31760
22962
11530
1461
32076
25776
2874
27621
19899
23207
8911
11009
10267
2216
21663
2129
17700
27364
31020
21286
27763
18893
6449
2844
4551
12920
5243
15259
21103
20038
11002
12452
26371
24003
7192
26826
23891
23246
20553
26750
11933
1531
16612
21136
1539
25397
4657
27123
19259
27048
5059
24769
17801
27358
6920
6270
27370
29991
27678
14241
12178
13631
9448
14416
27033
6955
24162
21612
7410
18020
30769
29389
17308
32055
17023
31183
26140
13164
31237
11021
6186
25638
19049
27756
11691
17162
19147
8796
15327
2211
10395
32602
15068
24069
29869
27833
23355
11185
18063
28835
25617
20409
10778
13659
11553
32549
2887
5572
2383
22164
5188
21287
13656
24103
12743
22577
7873
1178
12707
11579
5901
21940
12185
463
18227
28642
17520
28519
30543
32031
11079
22903
32408
13078
20779
3758
28562
7819
741
3961
21637
15863
11541
7626
4141
12146
25221
31255
14003
30166
7351
29093
29404
6434
27328
8710
19329
9756
601
5601
23871
20795
26420
7921
23663
16579
7308
4432
29528
16946
5376
17398
20644
28379
21665
31356
31249
977
31050
7206
14185
28934
7472
23585
10676
25524
18361
14089
25260
20476
24722
27055
4209
15822
22780
17688
4478
23816
32614
969
1244
9442
12609
1089
10901
649
24336
3272
10348
23306
5822
31847
1739
25714
2101
3384
31229
6707
14380
3040
19357
20682
21824
10329
30799
11423
25415
17397
21934
45
12513
24735
21637
21858
19279
5476
13121
9801
25737
11315
13478
2278
24458
19681
11970
21090
30447
22896
1567
30056
12736
24465
26941
8142
6798
17255
24639
23416
27838
1934
1253
13945
11300
22108
30394
13948
23252
12391
24463
7011
16692
25671
7207
13613
31830
13213
23860
20765
18053
18772
21634
536
11806
25894
17011
18512
11938
24674
30635
23583
24584
28653
7948
8245
12376
18311
25573
32502
23413
592
18534
14110
5434
29835
16472
23463
6601
19105
25611
2796
6176
6505
20367
8462
10990
17318
550
27031
21412
22738
20986
5213
11214
20762
18444
29098
16548
19113
30829
14745
19676
11305
10928
25283
17603
20615
26271
19483
26764
8183
14637
15895
20712
14905
17836
1809
10711
5658
30528
14060
4029
14909
26260
15866
17080
29467
18379
29469
9265
10825
29882
17709
12977
17146
26452
7066
30710
8132
14437
10835
7495
13735
30340
15590
6660
20555
26946
15592
12417
27529
5288
30615
11540
17965
4321
26302
7021
4602
2611
217
26150
25839
32052
21626
5275
20425
826
29419
6908
15817
17171
28181
28833
439
23030
28064
24733
13351
20666
8028
18581
18171
28998
1760
14803
29225
4169
28785
12438
23999
7979
2853
21932
11556
6723
28231
32323
20384
10058
3582
24061
14878
30735
25386
8002
28209
17773
19087
21978
29270
30330
24373
32699
8057
18434
21518
2079
26554
2100
4314
218
31344
15002
5704
1515
26990
14415
27998
32593
13190
8300
9754
13600
22604
11459
10586
27091
22812
16080
25081
28388
19295
14572
315
26522
24585
30660
25195
11811
1126
10
20930
3810
23
13418
14987
19978
13400
10176
133
11116
24708
24456
2185
22669
4058
6805
13420
5372
5249
28679
22055
25826
13258
23159
24117
5595
26550
884
18749
1540
22968
25395
4337
24918
31419
2178
9270
18738
23655
7422
10885
6716
12192
31110
5777
17517
3152
24303
19498
26980
26215
9977
23905
13565
21536
386
8941
9253
2437
4602
13261
11757
11573
279
47
733
27237
22218
5009
22154
25637
12401
16934
26474
28132
10062
17787
14568
11575
31544
3162
13236
2262
21904
16879
8285
2279
14455
20521
12321
3200
28222
24931
2052
30823
3358
9540
543
17180
25386
23779
6459
537
24193
29231
12958
23640
17864
7823
14885
1558
21720
25797
17555
10711
4531
25112
11305
25258
28093
15026
23415
11182
1833
9543
14961
26837
7857
23031
29125
27880
5514
26742
30828
8395
1943
14698
8063
12291
21981
16148
4173
24181
13623
6451
28842
27504
5450
12325
8586
9710
29628
2896
19406
5655
28577
26304
12125
24583
12598
19473
26743
17361
31186
12944
8006
24260
28697
27293
21942
4589
31859
22612
18311
12764
18877
16748
4257
25515
15934
12894
3495
19261
220
16074
10958
28356
24207
8471
5360
29574
9239
32091
220
6112
16362
19322
31985
3723
16497
11409
235
7966
627
12181
12284
12244
9170
18743
287
7312
3701
779
16809
32542
12165
9706
9760
19644
11996
25493
23889
27865
15034
17306
22941
11548
15290
22396
17556
13992
1285
31246
20677
26783
21702
7712
24019
15332
14558
28765
8908
5158
11224
20596
21175
8730
32287
25974
28524
15111
24430
20863
16041
18824
7305
18585
5473
15246
25899
3805
27991
4516
11839
8668
30956
29559
1106
4413
10549
28053
25161
19111
23121
15477
24655
23777
6650
18616
20242
30263
15449
14510
4911
8736
13087
15132
21738
2591
23249
28476
22563
15847
12899
3590
4230
18114
12553
14510
17921
2611
11850
4206
23931
16346
4182
31621
6595
32409
13465
15232
26822
9461
18064
14520
4358
8383
30940
10012
21319
23027
21653
26672
21643
17632
4832
20054
25665
24457
13508
9549
29370
7756
19769
9207
19420
3009
12674
11103
27162
8165
957
30458
30116
4728
19385
8749
17370
11427
4615
10000
27399
24030
12628
14962
15948
6161
20982
10525
17882
14073
17348
6746
1892
30414
10795
23480
13013
15907
11902
6666
1854
16141
11406
11183
1042
13191
3451
20502
14997
14613
17609
2176
21394
4008
9142
28168
7500
16322
30411
10465
13752
27610
8626
27872
9449
20738
11591
7994
31692
15047
31729
2446
19221
28249
6195
15910
1657
20716
20862
4474
10270
19805
6986
19701
10320
15641
25189
32508
7541
22587
19594
3117
6211
28916
5685
26084
4144
32304
694
2564
29738
14710
4740
12276
13193
21520
29653
18151
21314
1901
24939
10593
25437
1219
25521
10743
26793
2040
10246
23894
3758
4547
25177
17798
13795
3343
27894
17008
12833
25504
6815
27550
19800
17912
28383
14147
25217
10876
12443
4731
9427
18387
2794
20179
26426
3727
12327
2316
30725
26127
13124
27932
25822
12451
2912
31606
15104
23282
30108
13195
6052
