10000
426897
407460
411034
415063
430260
432275
402943
415187
403584
428719
430958
422269
400345
427735
401562
407630
402089
421344
414035
420837
413920
407946
415658
415774
416953
407987
404566
432614
432702
405963
427606
411726
413710
420488
423384
406494
411998
429019
403034
405547
411966
414498
429071
400299
410397
424351
426116
432585
425104
417577
430723
406325
425039
412961
429368
413822
420480
419240
424594
410338
411193
430863
402668
413541
431168
428943
416749
421920
420629
408891
426156
409564
426034
407090
400664
410591
400017
417049
428696
428038
429679
429513
420846
409876
403024
421444
425569
420170
400707
430062
427547
428856
429671
405754
416208
405202
425390
406050
414112
400582
417249
431259
400703
420877
407524
431176
410963
429504
415548
406062
416797
412462
401358
410408
401756
420395
422121
415451
400750
420779
407943
428781
423865
432271
401872
401010
429129
413886
421344
416167
427194
413816
425418
400867
424025
417767
429789
405962
415622
401655
401958
400836
403037
421736
404533
404654
412309
427810
422436
419023
422055
419016
407510
429325
412723
431247
402301
430688
407456
418641
424543
418184
423684
402909
400089
428283
401987
428690
415652
407330
424570
403756
432215
420036
405150
410845
418605
416707
414560
423072
406537
432646
430676
402890
410807
405686
414803
404705
404085
419757
420638
415922
421042
429355
425539
408478
424213
403915
409413
401205
432321
405686
403703
415238
412376
426007
413225
417716
403517
411087
424838
430925
406687
400489
405693
410584
409779
422992
406751
430893
410048
400703
412168
419594
410209
427002
410690
406626
413831
423996
427942
431352
429245
429808
405957
416557
409264
423075
422470
432150
430830
410682
415440
411602
419310
407008
429610
432155
409681
408131
419488
425242
419943
415232
428969
428160
404725
414043
411336
407250
412981
430132
411568
403204
401951
402999
407467
421962
421095
424786
400444
428587
421575
431212
412931
424663
404990
414804
426210
409530
429081
411895
407134
402513
430449
415959
424776
424765
430581
419000
415644
421270
429865
405916
417705
414849
424815
405234
405874
413957
410246
421131
418133
431642
408400
415693
432618
432387
419544
428459
422702
400350
401555
412373
410849
411258
402406
430251
423980
409960
428777
430456
400519
427861
404075
409693
410586
417943
421686
411019
420322
408837
401555
411317
420567
417804
404497
431046
413004
430847
417411
429007
418646
414127
405064
413251
427760
402748
424655
429158
423326
401706
419161
429827
429905
407223
403201
410717
425099
414316
428026
420457
425923
423923
416793
403770
423435
413736
403603
405949
412400
417138
415495
406694
418722
412244
432575
411050
410965
427583
419123
425711
424678
402603
402126
424129
425410
406118
426229
420230
402948
423211
427078
426484
419293
412022
409117
416129
414777
430743
412765
425755
412319
422149
427629
426522
432729
406262
424832
427891
400598
406316
402970
409390
402252
432658
424144
413210
428449
406791
403535
425919
422028
415738
415391
414868
418552
425271
426921
409714
420521
432000
419575
404809
415777
412256
431804
431634
410053
425148
401428
413188
425532
424363
423052
411659
400920
430984
413925
422518
403640
425285
426261
424687
401516
413185
402831
429745
430555
418525
417220
420597
406178
430860
424938
414125
414526
420394
402940
407157
403500
416975
428034
407495
405070
404323
424850
407662
405137
419636
411799
404797
402637
413125
418641
422656
429549
421482
412573
409779
418127
413201
422263
428530
407918
425315
410301
419249
421822
414988
411189
412973
405463
412758
419794
411426
411094
400893
416307
414527
404480
405311
405869
403927
400297
421170
400138
402393
402773
431194
415570
417538
431132
431739
415689
422481
401491
430764
403192
411324
406888
431021
425328
419873
413454
428154
403469
418431
405914
404256
402296
425830
426413
412112
430319
423852
425748
402994
419913
421218
419564
417531
428852
410118
409866
432066
400834
400634
400538
414480
411684
407093
425989
406198
411061
407865
430105
430691
419130
414789
406116
405621
417383
411595
405216
416016
401574
428580
431318
411501
425749
414595
419580
405877
417229
402984
414432
405903
410730
403158
423818
426678
424392
416134
425821
410318
429322
431709
430399
405304
421857
412380
417018
429988
427531
416599
411361
410406
413209
407720
423606
402317
427894
425508
413131
406256
424357
404430
428136
411529
409802
413899
429677
403910
410476
408086
407352
415902
406905
424309
427209
419874
412810
415916
432676
405076
428393
429296
422135
406075
408273
409246
430717
430391
400756
407853
415650
413331
408898
415586
423016
409945
424937
425922
414345
431210
417944
410957
425822
429261
431369
426089
405759
428616
406462
422941
403116
423469
412555
414591
419948
431223
408660
408432
403955
420629
413976
423046
414921
406406
408366
430410
425385
428710
414415
408740
411944
414408
409813
412819
426903
424964
423362
421153
421929
403155
430596
423831
430937
414937
402296
412141
425094
400385
416812
406148
414432
430031
403049
410648
403848
414962
408049
402928
417523
430873
431749
406615
428944
407816
427946
427344
410538
411371
431533
402822
405647
430826
428005
401794
410866
408573
416824
405280
430222
409346
415712
428868
423692
418317
431471
417737
413223
420351
406545
411066
403214
413274
429074
407493
411401
417619
429216
428268
430944
430633
403153
406398
423033
419766
420328
431174
422976
401732
406740
419330
400331
407457
401657
430359
414783
411766
428595
402306
413421
421332
415768
427282
407745
406544
420990
408532
408797
401873
416574
414927
400001
427623
413495
410866
414254
426590
409749
415307
405003
425555
417875
423290
403847
427015
417022
422756
425024
404914
419004
429868
412708
401306
428174
416863
412373
409571
419026
416110
410194
401577
406284
412258
414933
413772
403685
404427
422903
427019
411764
414201
414490
413909
427453
428143
416008
419419
419191
411029
414936
426090
424211
411309
424466
426616
416761
403464
419859
422269
431637
413050
409778
409604
427922
405259
430627
401537
410085
417263
432156
414181
422414
415161
432183
432752
409626
421323
417176
419014
411629
425745
432079
406342
429886
430575
401663
417175
400611
403575
421696
412803
431439
424160
406851
403465
426073
404531
423477
404397
400447
423240
430309
431379
418282
431089
427560
417996
401011
432245
425597
412016
411111
424768
414445
408813
418631
416984
400693
408606
412115
426515
430887
415904
420744
417928
405838
410849
424168
413507
424145
404089
404985
405437
410777
408254
422032
402187
424374
404882
402383
401237
431871
402048
414957
424330
419833
432136
402741
407378
417531
421174
431442
408900
416399
401786
431561
404826
416282
411315
426183
428449
419264
416141
418077
421685
404866
422925
404105
425325
402345
429674
411447
408915
431720
410143
401031
400727
429245
410430
424209
415044
420504
427015
419303
411250
401471
407225
427289
404542
420081
401832
416639
405687
416969
424336
431026
407962
416230
407081
413788
426369
428233
431355
422834
414039
425982
409204
426046
421391
412415
409912
423650
429717
415829
415672
415258
421381
430848
404486
401025
413212
404249
429544
426135
425452
414134
413483
432065
407763
420878
408121
415377
422317
426462
415470
428104
417353
420619
422312
428953
415514
426120
432285
404144
417583
414842
426866
406643
419941
406938
432393
408328
403420
426459
427930
400279
429735
429134
402181
406353
408264
432706
425318
419249
423003
408495
421354
415745
428817
426709
424418
427553
403424
417568
414742
431236
419577
401231
419420
426875
413179
417493
432489
403382
422502
418431
413414
429063
418898
403544
410055
401514
405857
405194
409816
416323
431090
407301
423832
403942
402071
427685
407883
420188
431050
421006
426571
403557
420315
429339
402335
424377
400173
407929
412878
402835
428706
415309
419829
419184
418900
431517
424984
429332
406150
428013
428470
410831
409306
411816
431520
407806
431044
412098
415243
418516
406078
426652
407011
413275
413629
427560
402018
426421
405604
410701
415458
420264
422264
424589
400111
421722
415765
432101
403105
400216
423967
432116
401704
420317
411514
432480
421289
406610
422270
406390
408137
414737
425637
413456
427399
418414
402567
427708
429518
408056
414217
414234
417610
400636
412625
426118
422908
402763
421117
411383
432649
418109
417812
419111
431192
410102
418876
402933
403803
409320
422574
409351
431149
414361
415848
414643
429022
406695
432161
401184
414987
423177
403586
428456
430513
416919
418451
404865
410434
407245
406644
429725
406265
420044
420941
428494
406635
424353
405383
409390
423520
421834
422461
424894
415200
403446
426733
419405
419729
428301
425588
422812
404288
407920
409657
419263
400829
407938
402088
416454
400620
427879
402402
405149
414233
405516
410290
406577
431756
422247
403396
428500
427613
414208
421649
429283
406922
414128
402846
405670
408391
432040
413542
408695
427925
410038
428436
406823
407318
407748
400630
423325
416032
405154
431279
408256
416784
403717
404780
403096
431073
409039
405337
425647
429821
418960
429076
403902
404818
426317
412642
405637
404905
429185
403168
411131
402739
425058
415997
400039
431461
414565
427623
425806
431110
423940
410691
400078
407943
407999
432545
407370
412050
403297
429231
420487
412133
400004
430124
400790
424801
400471
419104
407476
420190
427935
410827
421998
426818
429052
419547
429321
422994
423534
407522
429344
404936
418583
414726
428687
415525
408643
432635
413840
432328
404133
420398
421412
423104
416483
419395
411573
401887
408662
410818
420857
400655
400651
429325
405529
419049
411405
413590
415507
430980
426726
405070
411741
412299
402275
412001
432587
402835
425624
418848
422066
403115
423972
415294
425550
414004
426166
400704
400225
419571
405200
401967
411421
424804
414923
427920
429380
414033
407580
430998
432014
407204
413141
428693
421451
414330
401519
429498
404553
432504
410310
414202
403960
416866
423013
410440
418764
402665
416516
419851
401379
414917
423247
432335
431848
408324
404201
417850
402487
431010
400817
431938
409921
402777
401476
430494
413746
422330
423363
421498
424402
404349
409302
418159
402089
419606
407536
427954
408423
407945
404693
400780
422019
407934
410970
403466
425249
431768
429932
419573
402745
408323
420436
402180
400118
404300
407353
404561
414556
432246
422631
400650
429614
415818
400591
406633
431375
407534
429902
417254
423399
416953
404786
407723
408712
403270
428154
406344
421778
412871
419421
429992
414867
400028
410766
418627
409459
432165
410559
419734
422160
424660
400228
405200
411941
401542
424633
430287
413552
427027
424710
418890
415764
417827
427809
415824
411452
422980
416821
426481
407553
401466
427971
422459
428686
412054
427750
419944
400769
409483
420571
422997
407189
430332
403136
400694
417406
428249
420508
417929
406549
410796
405408
400712
424629
432495
416173
409443
419813
408225
430614
409453
422967
415641
409510
412309
406384
402201
409573
403161
423912
424230
411031
403318
410932
431895
426118
411043
415235
432621
422529
405886
407878
407266
431525
421703
412308
418373
407515
414924
428492
415876
405410
424740
431612
408971
413199
424096
413569
411212
406033
423679
419184
401567
418042
424417
414261
429389
411707
420223
428922
417895
429167
406936
420171
416733
412060
402607
428151
432203
403637
402291
404537
421910
421475
403583
418583
401592
419588
426051
422667
431704
414709
431426
413921
431518
409100
428159
403168
407493
414057
405041
405164
421106
403055
410302
418411
424132
400397
420839
411943
400684
403266
416320
418419
419711
408544
401124
423250
414665
406160
428390
411220
408165
413718
401931
424194
408522
414166
431158
401532
401064
402327
400675
410465
414772
402056
414424
415471
431807
430464
415577
423276
415374
402058
412700
414660
420070
407969
432572
408179
404838
412856
417777
427429
400794
427262
401856
422044
424652
427359
426479
405587
429597
424526
402364
401761
405205
415426
426959
429343
426744
418430
417132
412173
405018
425366
421869
408434
418419
408879
407664
422979
428086
411014
422861
426310
421663
427316
425163
401015
409163
406960
416403
416683
431693
410901
430948
423027
432510
429349
432009
417603
413332
424846
415880
415700
430455
429933
417949
420038
427600
413713
425574
407690
410338
401665
415968
400767
401949
431936
425874
408923
423408
406479
412424
408525
428896
403316
401795
408673
406743
426938
422895
408483
413374
425273
427797
426887
422477
402199
417042
409352
412322
405455
414472
422160
409617
415537
411411
414360
421308
406955
416383
416784
431459
410822
402488
425473
427389
424179
419713
412913
402823
421000
402153
402567
400540
408582
428923
427503
411206
423837
411702
406912
420244
413170
426429
416668
419436
414751
432719
404696
412963
429819
401912
417117
431179
401821
416521
418703
417996
410907
418503
413164
431159
421271
414304
405558
431446
409725
420899
420820
427784
409606
403695
415606
418123
413697
408044
428536
401563
423890
414330
412809
425851
427451
413287
423948
421457
423770
428133
410046
408950
412531
423099
408345
404878
401648
414778
428281
416277
411430
430963
431614
406075
402266
404007
410673
422898
429956
429823
418282
417093
431698
430973
419313
428011
405616
408627
407267
402204
419591
420147
426455
425891
425860
418502
418882
401973
431258
400993
421144
413697
409738
413652
407860
412040
408738
400069
405242
403375
432643
424029
400699
429842
423848
402753
409944
404892
416164
404420
424107
407125
427435
417371
401698
413562
428244
415313
421165
403155
412317
412347
405211
401473
414000
414639
417344
414359
400101
421297
417561
411306
405767
414062
412083
404652
415707
422829
408328
424885
425950
409986
421931
405411
416847
421060
405735
432420
410349
416962
413091
422929
407810
431922
406665
407550
414112
406890
418280
415503
409899
408019
405462
417549
412183
416154
411929
405688
419571
429736
410440
409951
415143
427477
402477
400047
419834
408920
415342
429257
408919
419714
414060
411287
412112
419245
424044
411743
413283
421743
423157
418968
403068
408083
430200
410365
429756
406601
414007
432609
411897
403996
417375
430530
409990
419109
421751
427808
432564
400638
412414
401039
408472
412666
432208
417548
416527
408595
428234
411277
428032
417828
400430
429276
407009
413017
427081
428196
416893
420067
420819
420556
431604
400880
402582
410629
417283
405466
426195
428191
415365
425118
416737
427681
406842
410513
431639
426520
409288
410702
428012
420783
422655
412147
405597
419200
413281
423565
402063
428586
410850
418512
423606
404004
416236
419340
410165
422737
424358
432732
416519
407252
423798
422177
420445
409893
415173
420782
430728
424036
408322
412741
404506
406766
407529
414531
417352
428079
410373
416919
431763
419255
429427
422264
402344
418447
431338
402008
423812
425677
431864
408851
414939
404838
412046
406381
420795
429636
425151
411067
403821
429720
428485
411104
409500
418674
406341
427643
403128
430735
416468
412255
401309
425329
405433
411716
424048
402101
408308
431804
432330
428450
420992
431208
432409
429054
429526
401515
420163
422437
409010
407327
412300
431452
416025
411399
401593
425058
423323
414213
417397
403016
413910
405197
430325
423811
416059
425626
413400
425280
406549
404256
429649
424695
419014
426177
403079
423491
424276
407811
426044
406769
417829
428354
407981
418134
412423
428450
410042
411878
410484
428104
405063
420099
414739
400586
414178
409107
420737
430051
414886
428245
416850
420716
414815
425461
400979
411271
413679
431070
406802
401950
418288
418511
417697
420236
429722
412465
423318
420761
403687
415272
431446
417708
430838
427112
427924
412476
417197
425802
424980
416648
428963
417822
426933
427912
424765
426435
420782
429603
408599
430198
417304
402594
414629
412648
420781
420197
406810
405395
418511
421588
422024
423245
432076
422553
417097
402974
426592
431373
410527
404815
414843
402671
412055
401859
421445
414556
403251
407947
414559
418811
419271
400308
427372
404857
405156
427107
419793
425525
421108
421669
430264
407868
411365
408448
404315
409463
406026
425934
413567
424227
403198
425547
422462
430978
407626
421996
414730
411344
430216
400498
430063
407673
400329
420160
405528
413065
417845
418921
420757
426340
412145
421518
422236
431287
421446
426471
418957
403630
428543
411423
421370
432744
409362
420965
427750
406184
415107
422592
418061
425421
426886
419234
430053
417796
426212
405697
415524
407996
420255
428066
410242
405594
406489
431734
420544
421678
408818
419242
429033
423078
406001
406970
413912
409538
415525
406982
423930
422344
422668
414567
406869
407609
417907
431171
423369
430851
429023
404959
419734
412408
417836
413621
420895
404607
419444
414599
415470
416394
400690
411634
400887
413128
412327
428358
417569
414747
413309
416917
417538
402508
407211
409866
419050
416254
400280
420732
432164
421344
427907
401475
410232
425511
421154
417611
400372
424764
422281
431719
426989
429233
429390
413159
412480
410234
411883
426860
422877
419418
432227
403195
428423
426395
432681
421457
423893
420610
408893
422518
426365
422146
430744
412565
408785
422960
413130
401163
407946
427511
407778
414654
406469
417677
401294
417968
424011
410917
423299
420308
417301
403815
408607
401184
424208
402717
420685
430563
420381
431919
418218
423001
421980
426193
401382
423804
401322
422395
414572
408350
417896
432665
422981
427061
400511
413957
424505
404854
408992
404530
421176
427557
418001
422954
414969
430891
418597
429626
412641
419433
404426
405099
407846
426060
415561
419253
423476
421793
403466
417904
418640
402347
417815
420107
405371
402547
419873
426752
415641
402784
419784
406023
401618
402951
406295
409995
430649
431428
405838
401498
405931
404106
401637
402592
428026
420215
416973
412694
405579
426924
427769
412791
423613
429275
408605
428084
412236
406817
406710
408424
427508
425367
423754
423182
415001
400164
425969
405618
407334
424853
426260
402149
419445
401647
401781
430517
403055
411395
416623
410716
408820
427844
418176
419576
400125
421590
404484
422139
424063
408295
431171
418852
419731
405314
401582
423854
402133
408353
419430
426951
400137
417859
402430
409923
428037
430143
424322
405906
426187
422936
418232
410351
417525
414225
413861
427227
422230
427459
400211
426186
410078
409196
429266
428828
422590
423818
412797
401486
423629
417705
424318
402034
403754
401785
401301
428764
428067
410403
420117
418847
431958
430045
406063
401464
404758
409533
418162
401160
405265
414154
403859
424200
426543
412761
432234
418360
405949
415639
431934
407896
430538
419426
409666
431963
418001
418141
404831
422681
404633
428099
402484
404804
425562
425339
410460
432285
430625
405485
431343
414311
400757
431893
404043
425756
420155
423253
402708
409440
410327
431248
414073
422195
428180
405748
406969
430442
415046
427543
408294
414048
429870
406086
414442
406761
417309
418842
409543
412807
412892
427595
417827
417761
432588
417225
402691
400496
424650
413193
431319
400508
415829
407453
425911
416327
410611
402696
411884
418696
404944
408016
420274
418074
400809
432085
430396
411382
422632
405216
427513
409695
421905
404095
404502
404572
431452
422417
415044
409195
429732
421661
409019
431988
407679
429544
416382
420604
426159
404550
416993
427163
402873
420528
429897
410032
432595
430999
421684
414547
429315
429304
403577
416907
418438
428081
415184
409793
431471
418835
404116
407157
413840
423224
420296
422448
408989
403606
413273
425402
413583
406613
411810
429964
429127
412382
406837
423560
432500
427061
422105
421352
430262
422280
421327
421237
417540
429832
405082
412153
406347
428023
411774
408054
409687
426242
415495
430744
415223
416978
424909
413929
431452
405214
415543
410436
410819
413827
432382
419596
427604
412758
429619
413341
423497
431033
413828
402307
422994
406188
424635
432363
400440
423398
427655
418390
405953
407333
407423
426645
426965
410562
407396
427761
428766
430472
411558
426666
411253
406982
404522
417443
400954
414371
406347
414043
412163
421554
425759
430879
427322
420550
422907
402046
430464
428552
421945
404734
412822
409670
405816
421901
417150
408206
428453
403002
408797
415228
412921
414885
400548
424144
431171
429236
422639
426435
409640
423432
404526
410012
416808
406704
411778
406270
411427
425884
419946
418948
410907
424788
429214
411920
417339
404714
429371
418399
405272
432428
429089
424417
429624
418847
419481
416712
404177
427177
420412
411743
428242
417934
413968
429982
425511
418974
411891
428795
431417
421164
428605
420226
424117
430785
410017
426536
412815
405266
414036
401501
432198
405040
404849
425696
403049
425983
415645
419031
425306
409065
409063
432415
415058
415955
426225
401377
405413
418640
419157
423526
422728
412693
422978
409900
406160
400558
429926
401465
425532
430191
424977
400815
420278
432044
403863
420513
402582
400173
407286
417317
413032
431068
424888
420522
418223
412353
432155
425356
421674
415024
413808
425190
420437
401729
407489
415656
413235
403073
421302
416745
420171
429799
422841
411518
424944
420874
417113
411339
428998
412816
417772
415193
430210
411114
427385
407465
417265
411199
427733
423880
421692
410277
430347
404004
423786
431511
424449
417054
416550
401828
403545
422368
423875
429156
406166
413425
416637
402864
424320
401670
414466
413458
410057
400924
421937
423803
430320
425667
421409
425780
414054
401853
431717
432151
426480
429511
428942
423423
422988
411063
400626
418685
417559
402119
427948
429773
411374
403761
411876
402184
426708
428796
419153
426394
417747
412949
412155
405495
403430
410273
404038
413066
430103
414354
425772
402926
414181
408440
429002
406369
422888
412058
428830
402806
427448
406342
420623
409610
414474
429925
407725
403064
414236
432722
401851
419601
414036
408813
405355
416454
403492
428523
401000
404776
421680
402800
423961
401555
426931
412383
413989
418469
416286
419057
414002
427253
418819
420868
419827
421378
429362
425654
414561
415338
431138
420019
416584
403037
410002
429003
419334
411472
410479
417608
412303
409078
405241
424318
426933
401516
421410
415651
403623
408756
400438
415713
413367
426852
431553
432554
407648
428703
409518
407628
423303
408901
412076
431045
416001
428647
421846
400344
419670
403710
425874
414048
402116
410588
402361
422373
415879
401890
408569
426349
414552
401012
410488
403092
431924
427562
428730
429279
428638
404424
411845
409934
405415
412017
411523
408880
415213
426519
405351
430907
418018
431926
407123
422620
429838
403138
406970
423372
418072
427358
420866
420836
427585
428238
421164
432434
422449
415407
427702
432716
425974
428901
400064
418532
411210
413014
407151
428701
426260
401494
419727
416797
406578
429409
431484
416356
420726
422544
418114
405596
408558
429894
413955
409265
420457
401578
412313
408546
416566
402011
401789
400025
405295
427871
408551
404024
406007
425820
430903
402868
425343
400394
430996
402598
423631
420584
401107
402079
428035
415534
407194
430268
408467
419843
430533
402811
400600
405233
401672
417485
426444
424598
411350
420461
401938
401820
411266
419951
401206
424427
405157
408604
418357
413724
410303
417533
422464
422705
403489
420406
403645
403588
416266
412182
419471
400382
403728
413675
405143
401545
412097
431643
412026
414920
407179
420464
415397
425989
420057
406196
421519
408427
404863
425854
408126
408437
432216
409931
402445
413094
416557
414672
427436
417403
426969
414607
423784
400286
419243
422313
402605
427612
406028
408051
412105
428633
427106
425803
409330
420994
419124
418349
406667
403012
428174
402817
427171
426235
412583
411063
409023
427438
406977
427542
412377
431353
426065
419921
416936
408394
420448
410204
423970
431441
416561
419453
413248
415921
432164
430502
409857
414972
430554
431106
407985
426206
429210
419790
406635
419736
403443
404074
402653
428720
428451
404400
432203
429031
405432
427908
407766
406380
404981
425388
431615
403023
416375
424931
415335
418104
404889
429608
407256
412505
416020
403804
424585
423329
416363
427020
405662
416307
429190
422284
422639
405526
425116
422725
426506
403246
427607
422991
418427
401515
424755
418627
417611
407104
416040
400970
431558
403799
414856
419194
421505
427395
407850
411491
403356
430838
419528
408548
414789
419764
421030
418116
423293
404807
428148
429949
430111
421556
429174
407003
418846
426671
422114
407238
403726
419339
431242
407004
422886
432756
422074
429124
403972
417120
410724
415550
402801
412483
424570
414974
421479
410370
413596
426938
405008
400811
424691
407298
409233
429667
417373
431952
425031
409248
426442
409568
408656
424600
417254
421569
429134
426489
408056
424749
401255
413914
401673
427542
429201
423153
406090
432385
410124
410375
413872
403223
414255
426154
423393
402553
425320
415266
404563
403413
400767
400550
423090
412215
415258
416975
400003
407841
405126
430412
408584
405213
424116
426456
428387
410898
403842
412265
425725
415126
427580
418474
401193
417155
412515
407980
421637
431757
405677
408024
408225
408210
421452
411945
418916
402803
403315
432536
410539
411939
417303
417239
415410
403453
414707
407105
412600
411995
425166
420370
402782
416868
419328
409811
425553
425253
407347
430105
405544
413668
405607
414063
418192
419504
411961
414865
409510
402749
415076
418267
419492
431855
414344
418048
409024
420661
410410
415743
412241
429080
408316
415315
409140
426772
426079
401514
410990
401446
419623
405337
415506
431910
411806
415950
429414
427863
408779
406342
411969
401725
424180
428672
402615
417454
423777
423985
424184
426284
412771
423161
424822
412274
412821
423318
407110
402253
419938
419928
417737
402605
417991
403156
415115
407292
407898
405469
409195
408494
428940
409008
432125
423194
401195
429167
406316
401544
420907
419025
418852
423563
420261
409367
420207
427409
413216
430658
413277
400056
402704
402307
412842
404707
417180
420339
422235
425486
407204
416388
428265
419550
404483
405559
431777
426108
411921
427152
416587
401572
427116
412744
405258
416761
428281
429121
406147
426652
430117
416447
400193
412412
405873
426196
401240
401136
412461
413724
410697
409347
419971
426155
431398
405518
411832
404292
426999
403213
420783
406475
424539
419627
411567
407549
417139
411167
429157
415327
428283
412347
431917
418164
427450
432578
425101
414515
425757
402683
412418
431288
408607
413827
420608
421434
401259
426599
409652
406333
422597
413810
421900
425737
426406
409668
422265
431450
411430
413092
412148
408409
406303
404248
400319
400587
412304
422066
420205
430473
403263
404780
406180
415536
400035
429368
413218
430873
423936
429329
402686
405644
412116
419926
406320
421680
423538
408600
422228
406982
432109
429874
428971
425239
428855
406744
428643
419627
424586
408947
413464
415420
419591
420268
428954
400106
423326
414663
431601
426801
426797
410419
408990
421783
410604
417375
427556
405802
422408
405199
420551
413353
413582
404334
429972
426370
425867
408870
426913
425724
424562
422318
424086
418230
401853
413859
430956
411472
407255
427739
408181
423528
407866
416758
427165
401608
421844
402997
404975
431581
401840
405648
406875
424300
410066
411394
427958
414336
430691
417064
416770
427687
426766
426762
402672
431453
413353
400441
408483
403401
400408
429338
403383
411815
403054
414337
403586
415878
405590
407425
418713
430643
411314
400771
416918
406389
431745
428694
432665
400890
416262
422406
400397
427154
401703
420656
427821
424091
424211
412308
403910
420796
407335
413996
409022
424407
420627
419325
429013
429880
408632
429547
414763
409363
407125
431569
401411
417325
412003
402129
417990
407001
426173
400617
426059
418598
406916
403399
411221
407127
409666
400863
407389
403091
421325
410042
413842
404958
408431
432529
410911
401736
400963
403738
401580
416100
416226
425378
422695
409340
404031
409692
420292
430083
410832
410361
424258
422091
423151
408184
425329
400761
415615
400448
422385
413621
424402
414060
403516
404646
417738
406630
401126
413469
406847
429239
417316
410128
405153
425245
425356
425803
416991
432094
407323
411234
424071
429405
404348
417770
419886
403691
408455
401640
427538
430047
400137
410250
420094
423657
426179
418325
406638
410019
432053
408863
406516
409705
431516
425470
411098
426091
400057
404608
416009
418304
409300
431837
426537
420158
421761
411369
420874
425159
426914
415630
403267
427749
403501
409210
400665
404698
428591
417301
403874
430193
418321
422838
401706
413657
410650
407062
410837
407475
416310
407557
420486
416618
420598
418651
416768
427971
414167
401458
405835
410549
412871
425042
404058
414586
410341
419565
412650
422374
419977
414861
410541
406520
418948
417610
415656
412335
416425
407360
419033
431902
425868
423744
405790
410819
432521
405958
431186
417301
430856
412203
408761
429916
426496
421404
430750
428997
411834
410443
425786
411830
406488
400740
400088
426847
407957
413763
427575
410770
409166
422500
422704
415444
426562
402331
401560
418484
400534
404485
413032
402779
403356
427838
419611
423269
426580
405460
423768
428527
412467
409340
431313
407537
423972
406660
416619
432591
405453
424713
405407
415018
411667
425066
413984
422652
429536
416380
426174
425444
408099
401408
408970
416446
407577
425426
417083
429943
401612
419939
426960
420895
430041
403816
409207
412224
406901
408020
411054
415343
412082
423940
404136
432160
410879
429626
422898
404415
426478
400717
421206
418556
404539
425887
405248
409446
401673
407630
401375
424763
402542
418479
423758
431230
430130
407032
426484
429643
417748
422204
404968
416872
409038
410525
401945
404764
423450
427197
419054
427332
422389
414069
415273
418467
401635
417994
426001
415866
422643
402716
426960
416344
411716
429473
402714
403764
424392
424978
407823
431801
417608
410276
425059
430817
423593
409146
431292
407493
430189
418009
409947
411572
402813
409692
425727
414082
408101
425321
402182
421666
422496
431779
405974
414327
408406
424993
423035
431208
405027
423712
430481
424499
430042
408052
404837
402691
430793
404549
415063
417732
408831
411511
408195
425782
432140
431978
425888
428096
429576
406372
400935
430216
432087
410443
403128
429376
401578
419096
417979
427075
410313
427656
429379
414560
410001
427796
414007
426485
419000
407076
428723
413888
432345
426368
431532
424947
424236
419847
410579
418694
403092
427171
428988
429521
430048
411004
406336
407642
429898
402284
424224
420588
426308
421300
426474
409833
407669
425453
429089
416992
422654
419905
405400
408162
406785
424922
404511
414226
404580
403355
428897
410620
426450
431886
432653
425000
408323
400286
425012
427374
430654
407047
418035
425611
419612
414730
432465
419189
404622
431717
431722
404716
423969
406274
430798
413778
431745
411503
420644
416188
411964
405390
420371
429641
430537
406670
428898
406707
404937
403481
424541
404003
403596
409551
413563
407882
402903
410868
414015
419757
412133
420965
408668
404800
418475
420561
415516
412215
407137
432421
414722
405273
400189
408904
411567
404246
408706
412425
407042
414874
405689
405846
424579
417826
410942
427950
430082
416079
402175
405464
424827
422456
405633
409558
417341
417029
415012
411669
422731
418746
426407
412134
424963
406096
401902
422450
417789
427786
416771
420968
427062
408838
409692
418235
400750
419091
413532
424075
426446
417986
423963
419872
409038
406464
423018
423070
421974
425826
402962
419637
406051
416898
416093
415385
429165
427914
430296
414642
410311
430798
409174
413332
422982
430879
429368
411569
415717
424604
401900
401741
432168
431564
422580
402739
430592
417514
400809
430759
424687
400256
417791
411803
406124
423992
430730
417830
410249
431854
413569
412465
414675
410377
402819
412532
432250
409612
424919
415137
422578
419432
429048
406750
416344
426645
431185
426617
411097
404064
403525
411095
432720
425095
409970
413870
419566
425603
423479
404340
421791
429221
424307
402968
412394
430180
411536
418031
431897
422134
402625
418289
428699
422429
413831
428581
418726
423236
430714
425818
424737
413898
427078
417304
425664
405918
408820
411606
431729
408332
409963
401773
424183
415958
417334
431565
406484
423815
413319
405743
404077
431876
414844
403211
430185
420708
403106
400394
418650
425985
415416
425790
403359
430287
431541
413521
421001
429549
424204
416379
416700
425338
402734
413432
415704
405418
426320
405434
421465
424217
415855
426331
401596
419679
428946
410453
411876
402404
407888
428405
400571
424182
425617
412045
431388
404760
406681
405866
408561
403613
413762
432389
402840
432502
411272
419069
432524
428361
432715
421189
405057
432579
423761
408602
416847
416558
425611
407865
412883
422214
403353
431438
419602
424520
416655
428463
418144
420941
404730
409674
416065
416982
413982
423901
407245
419496
409218
407653
417625
401882
431279
404440
424787
418348
405812
421654
414574
405402
431597
421661
428287
404785
427141
403069
404903
418338
422714
413453
425523
432405
409312
416731
410816
412095
409129
413545
402979
409783
432675
410134
417416
424325
430082
404698
405848
417532
426016
412726
430177
419275
421442
405355
409137
406862
415517
411627
421826
414378
425753
429325
405853
426520
400980
428036
430776
414337
429546
416786
417378
427852
416372
401145
417888
414836
417742
431539
426009
401629
414238
403810
405871
410344
415761
403594
426287
420677
432744
403582
409771
406024
421044
400152
431269
424447
422749
421037
420719
400963
420585
409152
400977
400910
423035
430070
410155
408268
428954
421834
420699
408693
428340
426114
420065
413721
415715
421090
408257
406717
408942
400159
411561
404069
417171
406679
431572
415602
416260
415166
428846
432174
406447
424540
424121
421030
414018
424438
423215
424120
413423
403593
412393
412268
424813
421759
425215
416392
403007
422619
403377
424798
402232
431799
409606
403945
403263
424176
423602
423192
418384
406304
410173
421738
424643
424140
414818
417467
413137
419295
425654
400990
432468
430423
412298
419691
422606
407615
411665
422746
405421
431325
415942
404689
402125
407084
424200
418491
414527
420749
412935
405914
430153
432313
423140
431902
427693
427514
420884
418806
408366
426139
423942
425958
429649
417692
420357
406554
404833
409771
407647
421818
431285
430416
406215
408254
427830
407656
415224
412420
401179
422868
426651
421791
416759
409202
400235
411251
414198
414284
413335
421887
417379
400144
429671
406905
427374
404673
425251
415008
417069
430763
413745
420046
403936
428700
421501
400076
429945
426065
413214
400619
425052
417071
415030
431568
405859
426036
410137
424080
428837
422444
417458
424573
422008
404008
426787
400191
428596
423468
404396
422694
403514
416808
402894
408510
423861
427817
432304
411300
421536
431313
421057
415385
430217
415493
415391
429781
422036
417253
428344
421021
431298
417281
414511
425752
401011
411337
404353
414047
416810
400710
422248
408275
403601
421640
418687
428467
408253
422240
430631
408558
412594
401615
413994
408117
406826
423101
421023
411989
421266
424814
402702
402884
427350
422451
407252
425337
428382
404957
422088
408577
421593
419703
400926
416976
420921
409909
411532
407509
418686
432039
429996
425041
410040
422706
405154
413160
423879
404929
413950
407545
421990
401592
417252
420651
403304
421674
419946
424264
411200
409675
413761
426831
420295
425512
415128
429508
423226
421013
402493
421707
431746
404583
432645
429429
417721
425700
412783
416730
432617
417144
430468
414056
406807
407978
430081
411642
424320
424269
400056
424492
417314
426747
416564
430958
403582
421567
429980
427608
407965
405266
417753
400702
404561
411145
429563
424195
403645
416460
427481
422450
430359
410442
430072
430154
420781
415275
404399
428890
405030
432390
414856
429006
413195
401109
407272
400521
408198
404134
432115
426804
402281
420499
423082
422613
405873
417523
400470
412835
431053
410066
412202
418585
427738
426655
426532
422729
407601
404005
406836
411763
404451
408253
422048
409046
427779
417985
400551
430790
418661
427843
429669
410879
430246
402687
422134
419129
419436
415119
412126
432636
429039
430814
400552
410806
415929
402143
422350
425227
406186
429439
410841
415340
429374
405208
400841
402411
421395
407975
416183
405069
400037
409088
419513
430177
414556
428096
423686
404881
409546
420932
421723
423607
421933
413912
431261
422194
432188
429938
408767
406584
419616
424993
427750
413805
401600
403904
417483
415157
416833
409199
413537
420679
429005
420932
420025
404996
405908
418365
408866
411910
419345
412025
407956
425083
430991
402088
417103
427700
428779
432065
431295
402297
415131
431603
408483
431520
420079
410589
428654
421598
401047
403457
422637
428508
431718
430966
405547
420493
419158
402654
429458
424128
406987
423832
403794
411889
408860
414519
407047
419685
404047
421682
425878
416118
422436
401116
407383
411947
400470
424343
412538
429835
423453
414533
413091
429619
413175
432384
404696
431783
400552
419339
411293
410086
409471
419080
430941
425409
403420
414059
422412
407916
402415
404782
415499
420054
402626
425671
418380
414262
402810
404311
401590
416230
432090
409892
425163
409717
424456
411209
402056
427768
424340
417708
416396
421280
411574
418865
401533
409746
426711
405549
424104
419570
416083
412958
411879
419905
412030
410009
407752
416746
402149
400771
417003
423703
404694
431748
405932
404681
431650
411833
403714
431144
430625
421801
413607
428312
411383
404347
413050
408332
422166
403046
410913
400927
417796
405096
415474
422497
405599
431931
412436
415086
419614
424069
403169
430662
414233
400463
405903
402264
414156
405944
404496
400096
421975
432106
409654
419187
420298
415054
420635
400088
428448
429820
419520
413978
426377
431222
415476
402907
400749
414613
408952
422379
424109
411843
424288
416538
432300
409451
415164
407626
430222
423598
420728
424904
430655
425560
416385
432092
430263
417810
400937
430494
415613
420057
426189
407052
408426
403118
422581
402778
411824
421519
411707
403593
430619
425639
402224
427323
427414
430274
428923
410566
420336
422147
424707
400263
420320
421081
418000
424313
413767
405039
417645
414981
416182
415459
412304
411420
409392
422010
403452
432004
417329
427026
407463
406639
401902
421527
411416
411730
430559
410938
414740
418292
403835
417311
410233
418502
417091
414038
403818
403314
422145
427533
424876
401078
426834
401412
429904
410227
422498
418113
411795
403201
425463
414724
420866
431302
412337
413949
416738
417799
404112
406973
410830
422653
413366
417643
425378
409132
411246
409016
401048
426736
421742
430612
431025
404569
408409
405283
405079
404024
421512
412778
424512
426618
408586
410191
416149
429237
418537
410176
404564
429057
405679
417586
427763
400137
429353
424525
408646
400994
422763
419813
409250
405787
424980
417965
400451
409493
416980
430887
400107
410772
426283
420191
407244
416919
401523
415449
428200
402277
423200
410312
415543
430057
424263
418432
415689
410175
412765
432174
418348
423951
403010
403911
400336
400154
424829
418878
417321
400914
407242
425722
416853
400303
404434
414599
412671
420863
403257
408972
431491
402430
409565
407293
413522
406374
413021
427153
428185
431304
403417
427639
403229
410588
431353
426309
416873
421398
427569
422705
423468
430457
429123
412035
429533
425392
402437
428618
416672
420699
409700
411214
405613
400807
406953
419655
416623
410145
420347
405068
425642
426700
421669
423566
431841
425584
420250
430150
408247
400182
420022
411628
414996
419698
431175
421290
417482
425152
414540
422160
416633
432466
413693
419081
400816
418696
425227
425998
431700
428993
426024
421017
406342
409714
402890
425437
430400
403573
410156
400564
427264
415651
402326
426201
409513
422308
424415
428631
430694
421638
415536
413505
431440
407693
405002
405924
406930
429258
422027
430522
421578
418799
406765
421984
406451
411106
426831
431562
412162
411280
405688
430198
400781
400516
420697
401502
413362
427448
416786
418418
425975
421547
426296
413765
403182
430003
403094
419847
418908
423061
401073
430259
403353
402003
401745
429705
401722
413509
422716
400319
411886
418155
408389
424308
424614
403202
403589
429285
421625
425301
413161
416995
430790
416214
415469
426885
426523
420205
424358
419866
404053
408080
412166
415073
415625
402068
414300
409597
405795
416963
431386
413987
420301
427438
416731
428438
403091
424005
423844
430293
418116
407076
415338
427154
412187
414384
430549
416871
421022
431203
416580
406981
400327
409700
420113
400429
420194
410715
411926
401826
404662
406147
408688
416606
416871
410625
426114
431812
409499
415092
403773
416406
408156
430541
422047
428136
407870
409441
401274
406100
426049
418620
422775
424176
418040
405176
403034
427389
400363
420687
424584
423009
422203
415918
422086
410584
402564
405770
428867
400102
423943
411575
410073
425104
418569
423415
428944
408395
427894
412176
401764
409781
404170
404641
417352
425347
407089
421941
417898
431546
426477
425753
413625
400675
421881
400235
421285
423928
432620
419188
414245
406500
431647
400440
424447
421163
432146
412746
428612
431140
421900
418021
421145
403184
404994
412473
404413
406374
420794
406531
403912
406861
426545
420704
402865
402638
405049
428771
402067
411944
419942
425445
401201
402342
422955
418844
409143
427727
420417
426608
410563
404956
410184
407049
429091
419951
401329
400813
417761
405121
419291
421193
411900
405660
415612
401357
413049
407627
410947
424765
406298
421072
430012
400133
405614
413716
426099
423054
405258
428004
409180
428558
426773
411481
418162
409508
408586
421016
420255
427684
422585
403132
400604
414512
407695
407569
430233
430088
429080
403587
418399
427170
423618
425046
418740
418174
407524
410391
408895
419508
401662
430802
412972
415951
427843
410501
410834
407517
421460
425685
412051
421063
413775
423936
400644
418015
403208
417811
430158
406456
400022
420445
411349
426810
424210
423203
429079
424437
416667
404117
409814
432054
400541
404993
402297
419928
426835
403783
423856
400605
411787
413325
414039
408254
415914
401971
427677
415102
423663
401673
429413
427653
402940
431808
411628
431916
424338
407711
427180
430357
406940
415863
406913
403645
417391
410585
401931
407124
400976
402310
432467
405708
402486
421671
419505
417584
417746
411967
429549
406583
409293
415581
430756
428057
413521
420502
413421
402593
420810
429106
400701
415619
414702
410278
416136
425713
415483
402115
425385
410729
422719
426284
417028
424401
429790
415757
410474
412869
404944
406794
424765
410672
411945
410486
425684
408601
404381
411334
416032
414656
423747
432453
424336
426474
407705
426761
425779
410489
404169
425253
409373
432191
430378
406816
428555
410132
412170
418982
423242
424486
425643
414078
404180
430225
431243
428476
427197
404016
410600
405560
423885
430258
423812
421182
430447
411888
416166
415623
429257
418685
406113
420200
410413
408447
424728
415306
424880
432062
412482
414810
417304
418299
426603
405122
429308
419971
414587
406167
404262
417284
431419
413652
413756
428958
424981
424327
405664
420157
401692
401930
425108
430119
424524
418293
408226
408529
403474
401298
401723
412919
408591
412305
406430
426731
417049
425981
402939
417582
420994
404079
412888
419645
430237
422530
400309
407725
411775
430982
423659
402298
421123
419961
416986
409245
410385
410931
404035
404188
426783
421856
425459
423910
424439
413363
425890
417695
403131
400857
429594
412601
424487
410028
432284
416132
400151
428330
403327
413703
414793
423077
415770
408655
429923
414907
413668
403463
426296
415113
420570
400969
420679
412188
403745
422580
431748
412712
401389
425663
420700
427005
422305
411980
412403
404662
430392
412801
429488
403636
414947
413139
412411
408139
400371
425059
413253
406714
429050
412046
417097
407905
403757
405439
406418
415022
413197
416648
415550
430681
411207
420594
404225
414289
430296
407313
418157
426998
429428
416731
406896
428552
432425
422458
429086
419295
417344
405599
418736
424541
416612
418906
406477
424738
419334
425191
402185
416766
404479
431243
406956
414892
424055
406240
416180
412861
409606
407597
422941
410578
407578
403258
414559
428558
425369
409955
404281
416971
429767
403690
425389
408460
400489
425362
431436
428339
423467
403305
423091
413045
431679
410597
417622
404106
430151
420146
417660
416553
419701
406475
421259
412851
430064
414280
400518
403887
401274
426870
421844
419958
422225
408237
409155
406063
409938
417374
411212
407038
426596
414956
415641
408697
422932
414653
406980
429916
408445
402576
432226
428413
426859
414993
420928
418562
419776
427178
408044
429521
405526
410781
415095
407112
400805
409168
408442
408623
413799
431079
409431
407530
427899
405272
421569
417779
409800
422459
413311
418440
424930
425889
414828
427937
402481
428839
410307
405285
419408
420363
411801
425821
423091
414974
428971
415657
425869
430202
425818
416626
418800
421717
404724
403807
415286
418711
414005
430796
428961
430473
422670
419704
403262
432398
415652
403837
421391
428342
423836
408966
427624
406033
416150
420668
411290
411841
423415
410113
415439
430547
428012
407009
404021
427472
421804
428229
430943
402446
428541
414698
423912
419788
401657
411026
419673
430974
416274
419578
432460
411238
410964
425611
431826
430180
422378
418388
430867
423951
404452
413368
407348
403204
411447
431460
419198
405631
400389
407685
407484
402984
432159
411191
408804
421679
428489
428096
408058
431514
427965
416766
422450
425438
432754
411294
408149
408749
428701
432527
416613
425744
424185
408374
428164
407733
402243
419812
420882
429194
424585
425733
430102
402315
421541
405658
402911
419287
430853
401129
422123
412170
426157
411762
416007
405191
432510
413222
419768
422548
430264
420308
406746
409067
416958
403684
427655
406413
423449
409415
403514
424730
427968
427694
408884
416223
423062
425466
430623
413167
415285
417012
406002
417653
415978
430143
410132
400456
432384
405899
420292
422336
419138
413706
411832
415945
428731
400680
409860
428085
429504
414071
432190
401751
422961
417256
406496
428749
427259
408897
423149
421277
401633
424395
423640
428164
432253
408395
406945
413066
402305
422196
417601
425434
417091
421147
414792
407505
420473
426347
400325
404309
404544
424026
413286
419944
402532
423708
408800
424956
421595
401750
415121
413449
423058
430293
429412
424926
408429
423296
413686
429493
423817
422283
408311
417417
410052
427502
403666
427820
431999
402198
413328
431508
427938
405978
422137
425333
405729
403632
423165
423702
423230
426273
413523
409693
427727
401786
431968
422955
405954
429765
409946
420848
427934
424695
410541
417654
413643
426859
404382
407297
418133
406415
419118
410522
412141
401374
408129
414120
419377
404750
412927
412096
413485
415626
430459
414654
409889
429858
428690
405525
417668
424705
413207
408419
424522
408032
431149
413769
407651
422522
415219
424825
412548
411712
409447
407056
430377
428109
424068
432679
410843
402076
428462
411044
403374
410489
417616
417622
409871
401717
405700
422466
400572
414238
413299
430903
403988
409262
400189
427177
401553
427011
406811
412860
429459
416399
430338
422302
421727
414993
429579
413722
426343
428996
410578
409706
400844
427990
430107
425293
415777
426779
403388
426330
406898
413699
405175
413332
402820
425418
400294
414782
401759
429294
420444
419569
430858
411622
418249
425707
420502
431121
422174
405674
427101
413421
419890
431034
410764
428937
429860
429003
429023
410685
418115
403462
420268
414872
421674
429217
405283
413594
404527
400049
411604
427555
404223
412224
424818
414124
429442
420512
425174
423733
404485
408830
420422
407166
407447
400698
402168
416122
416691
404727
431570
415745
402208
406766
421236
418757
402454
405639
408952
422023
407458
407466
431352
429195
409675
408274
432721
400713
410614
410980
431143
414821
417031
408128
426922
422113
411337
409237
406551
401554
428304
411385
418689
431568
427805
424633
420049
402802
423361
418157
424716
426234
425158
429776
425428
418060
427914
409807
423730
406565
428269
402400
430738
402825
407149
405909
414991
430205
425616
417137
419569
406455
409219
427002
431732
407827
424704
413711
423884
419207
401524
428668
411237
427353
429666
427980
420719
419983
422402
403551
413082
426920
406575
401084
413214
428169
425600
421927
431871
428986
400308
418679
401039
428498
407379
414242
427060
418096
409746
429978
404075
431084
423031
416476
406029
419341
414527
429637
408274
404477
427261
426408
429331
417082
422275
414367
430292
409421
429957
427806
407041
408832
405244
409166
406008
409036
410313
418712
407112
430481
421275
432127
427192
410762
415250
411060
427148
421759
427557
430564
408835
415804
416193
401621
416036
423491
409778
417841
432314
405438
415687
412578
414366
418487
400689
417694
420916
429707
410669
405125
420408
405916
420835
412649
425659
405319
408973
426540
407656
414230
407003
427601
407308
409142
400790
400908
428374
419883
423301
420891
432091
418754
416141
415449
409948
401223
401179
408849
429132
417529
406215
421136
430477
429243
424241
430590
427131
405516
407343
428910
425003
401977
410923
418611
418292
414417
430534
415093
403759
405594
407489
401157
406588
428354
404254
427502
428742
424217
409986
413773
410951
407037
432606
400738
414158
414293
403278
414950
423424
411330
418626
401567
406108
415826
420571
402483
420548
405239
428952
419642
423993
405560
426801
402838
428007
422439
423619
424455
420705
416403
419118
431866
409133
409214
432315
426402
427139
431569
416771
426826
403282
431951
423436
410858
422276
413896
405940
411896
422531
429967
422995
407424
420348
404782
403356
405623
401635
431191
424644
432205
414647
430622
409319
430785
430599
411494
418471
401401
407349
413337
413974
430034
417914
420253
407510
409461
427050
412675
424062
415019
429625
415105
411968
421490
402943
413858
411849
422992
426296
428476
428393
428519
419919
414243
415604
411978
413660
410524
409320
410255
404331
415764
431183
422181
417151
403858
427239
400232
420054
421483
422401
413811
411375
427445
400295
423989
427978
403453
417409
403912
401135
430141
428282
408573
426417
405768
428958
410684
424628
412168
428230
423819
415405
422314
427896
401900
413289
419608
413065
403436
414225
409704
402692
411257
432556
411922
430288
427252
401125
402600
406668
429447
418830
428481
422846
417721
404582
403767
429101
430399
428439
431506
405387
430357
418435
409283
417879
401614
415552
415254
431618
423977
403041
405090
420945
411364
423800
420994
418306
428245
405209
400393
420530
417846
405152
425010
415742
420417
403701
432406
417257
410109
419726
427298
407165
402775
404598
411335
403638
422004
430093
413299
423579
418630
426065
428225
423598
419165
410971
418029
416902
408576
405292
411530
423099
419453
413866
430455
415746
431293
420838
410383
416153
420891
422816
400288
406758
429686
411149
423198
409179
432005
427224
412697
400284
427115
405094
426989
411364
407948
416862
408377
418213
400030
412521
410770
432750
420099
430134
431992
403986
416854
400834
413064
404487
403780
426198
425972
415244
420509
423121
432433
414478
401578
406951
421615
410957
408258
406314
407630
406459
417560
428424
406607
419492
419031
418581
431240
423828
406641
403275
426013
432246
426547
400143
410347
415225
431902
415286
425222
416056
400370
406088
419430
421017
400011
431748
424669
411637
403824
410916
401996
419834
423338
429538
403735
423118
401106
428474
400598
424949
432494
410610
418126
426357
428926
423000
430495
404536
415569
405195
426430
430513
411805
404476
422950
419011
432079
429942
415691
429022
407456
413404
402000
418411
401641
401010
432761
403818
430264
427743
403171
420697
421027
428082
423155
415576
409948
421410
429068
415628
429958
407962
401669
419521
416455
410485
409050
420179
405279
425094
430497
429390
430200
421595
425152
423380
428158
418882
404830
406975
411312
415245
417815
417160
427703
428563
432372
401512
405751
426231
419994
414908
420197
432557
430529
414638
426136
429625
402152
424978
424738
404922
415815
416910
402208
423848
416262
411902
415760
425050
404140
417558
430307
403147
416218
409161
410707
414621
413497
423658
404343
416094
410033
423058
430741
419339
405212
419777
404535
415186
419514
422600
400001
419612
425894
400870
402113
421835
411272
415409
409416
423872
425805
425655
426873
416929
428436
413030
427551
418521
409002
428329
411140
415712
431545
416724
408767
403900
423740
411202
431053
432072
405686
423740
405475
417972
425892
428445
427651
430541
406192
421300
422350
416638
408615
426474
423577
429847
411821
401061
405698
403918
405040
432492
416196
430340
411418
426827
400778
418761
429515
403065
405889
427425
429126
427832
418289
411272
422954
420861
428429
412725
422629
405713
403273
401564
431652
420343
427627
428470
414861
432591
404709
429700
429745
425466
426978
413010
400444
407487
421535
427833
407919
414637
410492
427239
420049
423042
416595
407715
400673
402764
404232
409995
409486
431822
400225
406560
419371
412709
430872
412677
413341
424620
419631
420612
422166
401692
402820
428370
409480
432632
421285
424724
419090
404776
412645
405281
432575
419043
412336
412426
417391
403923
405019
411736
406805
420468
429503
423700
403747
414142
409800
428429
408643
413955
413769
429397
428872
426266
418771
423309
409444
401085
416837
432738
401307
402992
430309
414168
415351
414243
418480
427463
409598
426458
432623
420642
414689
412299
410123
409215
425974
407560
423842
403924
427752
426141
416986
407423
407342
405564
403446
423562
429625
429783
426023
406572
400370
411150
400548
421523
408163
428554
416252
419040
421300
412073
407979
419956
426074
403931
425964
414570
405387
413772
418767
411748
424949
409923
427403
401291
422575
414922
401173
402641
426608
427791
402162
428922
405759
403466
408905
408282
410858
405088
420668
415840
407419
405895
400504
406227
426728
413483
430859
422620
401610
425937
423287
406725
412880
401083
411396
421760
417717
403723
408154
412907
415343
423979
430670
415570
416170
424811
427261
401461
416116
406764
414999
410700
430394
425406
431486
422089
428019
415045
412432
413149
417947
409569
417984
422525
429795
424141
401900
410982
410663
424776
405227
421727
403616
403187
401381
410302
406747
426875
412135
408621
409449
419703
416310
426158
430809
427668
408548
425181
401379
404207
424866
428405
401382
400834
400853
407830
408469
426819
400108
406342
428524
404937
423408
409781
424810
404529
401756
421061
427386
432000
402992
417865
401970
418761
409921
416141
423999
407634
420563
419224
409376
430834
425065
409261
406419
408253
420060
422936
405581
411108
408235
409383
409326
407254
412818
403830
406836
423083
421982
419951
406127
402115
423935
430610
430389
400298
414943
429810
401750
430911
409970
421248
409106
402454
403727
424588
431242
412698
410110
410377
405109
400503
429522
418577
431380
401591
406520
411177
401512
409898
420497
408773
411298
402572
418173
428815
425947
414946
418744
414948
430597
404389
402154
428831
416034
411938
418105
409115
417716
400161
421218
424307
416628
407237
402696
429324
418374
428467
422220
419670
420717
403062
422301
419022
422139
405539
411857
407752
411020
403768
409717
414571
422452
403914
407138
420093
405686
409824
428177
425569
415223
427290
422705
401117
409778
432278
431350
401185
401516
402451
429491
430469
403627
429399
420651
413587
427107
421071
415781
408773
400817
427638
410046
403087
429515
412151
419587
419232
411960
400918
427711
402534
416828
424780
401298
421584
412567
432561
423491
421719
421231
407072
415319
425279
413322
406165
409827
417818
423872
431577
425374
421007
403376
405090
410170
417369
414899
416884
418805
430994
428814
411533
411499
429362
424812
426752
426670
415955
413067
419296
419224
411575
428853
432671
416864
431883
407410
403191
417900
421229
419324
424585
420710
414125
419571
407237
401554
425680
416466
411017
401503
407899
410274
423949
408124
428494
417901
406910
422060
426094
424950
425193
426909
419399
417703
409179
423158
425842
401867
413511
408431
410260
429565
425511
432037
403879
410336
428390
409454
425981
415761
425342
414569
414081
401498
409182
414426
417601
416809
409614
426421
408873
421952
406165
423161
425233
423085
402715
407871
428795
405501
418891
411539
401045
414381
432123
408706
419334
427745
418831
427380
413158
403544
430234
423997
428686
407712
425287
428270
411283
418694
418808
430577
400013
403409
405164
418389
406045
423984
418982
427622
410158
419952
422604
425601
406650
408306
414541
415782
404560
418397
415878
417103
411797
412560
401191
413184
411402
426971
420753
415776
421068
429934
423555
409991
415777
427025
421110
424024
401265
408598
403269
425361
418195
406924
416657
417248
404299
422326
413540
404665
415248
420028
412820
406949
410642
419231
417131
415709
400763
417394
431108
409623
422645
400584
418040
423072
420205
412265
408891
419755
414487
407113
404288
426985
416179
419258
414564
419673
400910
411104
409481
409698
422091
430437
424449
426271
428131
409199
431023
417018
415851
428239
415080
410748
421398
420988
401567
414563
423418
402495
410434
419061
413463
426159
410335
410261
413461
404320
418571
401556
400333
404056
420612
417097
409099
407490
421525
407140
414098
410087
400954
419967
423521
403289
418437
421110
419637
426865
411328
412153
416079
401148
423636
403679
428407
416050
414826
403133
432705
400616
419663
430904
403343
407046
404765
430487
406359
400186
429080
413725
413607
425966
421206
412053
403942
410232
410147
410926
416604
428689
424099
428169
402165
404489
402361
421905
420929
401849
416296
418187
411584
406712
430328
412909
407645
402386
423196
405364
424504
417589
428113
412913
403112
404590
427337
430948
416129
411284
413449
416971
408466
413379
421776
426812
431730
401612
420281
424754
415101
417835
418402
419877
432153
414010
419022
417629
407870
414372
411208
412935
421941
428827
421129
405385
421535
401230
425564
400659
401338
427029
407552
411510
421088
409839
424142
422458
404304
407215
408731
429802
431921
409202
429920
422835
425940
406740
408473
417838
428346
410980
407530
410745
403158
428629
432136
425612
406419
414838
427223
426442
412441
405348
425936
400599
411724
423421
423334
414122
429334
428825
418857
422883
423783
428661
431978
426334
403322
427504
410144
420104
424793
402170
423242
406513
418723
404553
408342
410787
423309
420813
416002
401587
417319
418023
425281
424085
400097
403158
416608
418228
400205
401266
425001
423618
405542
407068
410824
414285
420754
413429
424236
432020
415396
407118
409008
425368
401445
402528
416763
430198
403604
403773
413476
400627
429931
431367
416538
424537
402852
405600
406340
403074
420220
416033
423012
419890
421751
415567
423361
420778
416932
425547
406917
429433
415266
421448
418916
411542
428515
428546
414846
423084
406704
423086
413575
417205
412013
404524
432165
411082
400799
430980
400025
419897
409387
426384
430242
400601
415584
403446
400542
431770
409400
419418
401395
421984
403675
417233
413869
424978
426597
415896
414313
428013
423401
416262
415345
429599
404150
420543
427816
426641
404441
423211
410281
406276
432099
411174
420011
421215
425452
427513
409512
417863
429015
408969
406846
420337
422360
408527
425429
411956
401204
421768
415618
419043
408648
428334
422955
400729
427469
424230
413420
416853
421210
400955
422074
415497
402218
407627
419910
407149
421152
422720
424228
432601
421640
400962
411181
403411
411680
418604
424738
401702
403927
430652
407954
404020
412628
415246
412925
409228
418106
418763
420409
426687
422699
424862
425493
419952
410763
413031
413501
415915
402182
431540
423773
415864
411988
427757
423817
416687
407227
414414
420829
408077
401366
419866
402016
424584
416918
407694
432430
420064
423814
400148
403415
403831
410195
400954
415746
409442
430987
417506
405846
407744
430501
407355
425114
423242
405314
416240
410138
408364
408754
404895
427853
429588
406202
425100
430006
425096
400020
412823
402696
415612
407352
422763
404109
428068
414682
408313
425928
423943
416692
404005
423514
409429
401157
411070
417570
429434
420186
417204
422568
425971
412940
408197
432316
416608
411658
409337
414554
416475
402904
414223
413905
428425
410328
402743
420132
416366
431305
404161
428721
422534
400525
413846
416272
416017
402735
414502
428350
426542
422948
408737
403963
419755
413393
418922
425840
402460
424270
426697
430869
410666
430698
404704
430290
410158
422127
412896
405093
417791
419367
420476
401923
414471
428446
415646
420930
423581
422442
431449
424246
424079
426025
427296
416986
406525
400650
408117
405170
405102
431119
425827
411823
420637
419920
419056
421203
428180
412676
420558
432405
416892
400636
400145
426759
426420
428656
403622
430262
429216
411646
419393
409938
416196
422384
403863
414735
404113
427710
421582
404938
427134
432595
413745
410096
427611
402324
402985
426652
403426
430751
418664
400383
432016
426576
426344
425733
404147
408202
430356
425781
431043
416948
410565
427994
414453
418305
426095
404576
431374
413429
416029
432128
423029
409637
423066
401568
413837
406590
409713
426228
405313
407368
425752
425450
416993
414508
427625
424773
409132
420212
410193
410503
428206
416339
413644
427797
415052
400613
410641
415382
409885
404663
422921
400540
430203
422026
413702
416390
428122
425556
403378
404645
422361
417928
420422
416157
424983
409751
407292
422158
421960
400055
414150
408948
420872
417507
413760
429388
431598
402211
430819
431993
426085
412429
417404
425701
405175
411788
403933
407915
421995
416224
422867
417269
427729
420070
406872
400865
411867
421786
410633
421290
407854
427482
407770
401604
410233
425069
405256
425159
429574
403779
421711
427984
403599
411902
416606
431652
420178
432562
404872
416535
413543
430825
417980
426285
411986
417515
414903
429438
400085
424252
426616
430687
414984
431717
414964
423230
431275
407799
424460
412622
424634
432078
409532
431205
430914
407955
414101
413090
401012
420228
420461
405842
421879
420216
413269
431764
415875
427293
401611
409404
413100
420485
420657
431222
410619
420833
419710
431788
421699
429708
418612
427177
417074
428875
413330
425470
400935
402387
412682
402596
421955
422283
414709
426468
401603
430484
409734
406132
432013
414215
415228
400867
409864
410749
400156
408886
412209
416213
431583
406740
418540
420657
409704
411039
424599
414786
412216
416100
404197
426694
424357
405109
410858
401230
409992
419476
406642
406341
417591
425235
404887
421934
431283
419898
415891
425005
414498
420329
421842
419785
420223
414590
427084
405744
428944
409849
416785
423739
410904
429919
401189
410996
404815
430684
411279
431190
421519
412971
426413
420499
423504
406203
427466
409116
418134
405770
424946
424604
423977
429013
426245
414021
413638
412276
420875
406992
418452
408832
413383
404671
406937
416950
418959
413414
417262
428960
418651
402985
424560
423794
418587
411527
423353
402354
413518
413272
402511
417563
431824
400594
430874
403524
429555
427474
432668
411005
407250
410586
427868
431097
418786
418133
423459
414259
420042
423459
403051
420234
413045
417361
419989
424750
407397
413224
422234
406592
425290
419690
403972
404789
432339
406488
413918
415868
420548
403703
425449
410720
427337
432404
417744
406575
422025
406918
410910
414876
400767
427571
411055
429922
424709
424534
401508
410154
418098
423551
401691
416943
411366
426971
402143
404000
423331
427189
426587
412102
405407
430653
431253
400102
424983
419720
423385
401385
429541
425433
410866
400570
424021
409119
401057
423024
402997
420798
421191
428589
411435
404626
418021
403781
403276
414257
402246
407715
402665
411761
400507
408937
407724
412971
416648
422103
410596
415038
423773
421230
432414
410326
424968
407381
422645
413934
407592
402427
412971
415763
425637
419070
414712
413803
405662
408140
417185
406775
402339
429960
401997
404501
407589
428207
402965
432457
406570
410107
428378
425020
407109
411399
406363
409861
414918
427317
428806
419240
408878
408909
406031
432348
419814
407654
423488
407058
406576
410634
421136
410290
426077
407957
421238
413864
430657
431326
416767
420383
418788
417305
425247
420492
403578
420604
410052
420079
400789
408353
410161
431958
425114
422828
416522
408482
401521
409133
401579
402829
406401
429768
400574
411116
424412
431507
428557
412466
428982
417599
426644
419638
431132
420091
414683
401974
419811
404373
421251
417563
428254
418274
400926
423166
420180
429665
430660
426476
426928
427035
412131
416486
432763
423629
423894
408876
406664
415305
425913
402620
403822
424218
427516
420885
414267
416359
411191
432448
406119
421658
402365
424977
404743
415296
403572
426411
432707
420019
419300
418114
413962
420855
421005
427557
424197
420963
413054
416507
407753
426625
416291
416332
431184
427959
431711
428100
429994
425510
430298
407988
420336
405458
431517
412762
427130
411907
421596
406626
412241
422380
403474
426796
404455
404363
427860
412496
426758
422864
405726
427488
422663
423169
403699
417005
432452
410717
403428
425804
401872
422912
423022
418201
431205
424966
407624
430205
421277
409331
426749
423981
415845
404819
421624
410931
400303
412829
400605
410225
430184
402781
424224
415843
406442
416914
425936
430500
403762
425045
422579
411828
410132
405436
406936
418552
416685
423422
410857
408834
404186
430296
424576
404499
411495
406063
431291
407774
429003
404726
406483
423823
400658
404818
409961
401676
405274
408572
423522
414075
416002
430312
422645
430084
429536
424228
400642
426968
429490
414722
407718
424562
418456
420729
421644
402205
409152
404425
407430
402358
412577
425566
415452
420531
411884
412663
420068
418404
425407
420359
403538
420217
418204
423771
420050
406725
427675
420862
423764
425537
400475
417882
414887
402772
401214
413599
425546
402513
427990
416105
407935
425794
429722
411293
431264
430052
415710
415123
430774
414450
400386
430459
406856
400038
401385
407801
415857
412286
430508
423955
431413
426044
400784
424269
400917
413232
413494
430610
412129
420537
430866
429654
409806
424202
420894
417658
425929
413482
405968
406128
402954
417086
420425
405791
409835
432651
431311
422665
428539
432311
424061
418091
412494
404431
412473
430372
417304
407951
410855
416666
423802
402781
422620
405978
407452
422550
417686
423614
405244
427149
418474
417492
413190
401361
404733
400316
422628
430255
419127
415442
428439
400120
419957
409358
422471
431877
426815
405032
401879
417783
407225
403711
405693
423747
417309
409403
412689
426351
411752
429617
408803
426006
432724
420616
424402
421170
429191
423962
423642
400283
416266
403869
403310
426186
422652
425347
419527
412643
411528
420510
408187
421363
409364
412424
402257
423797
405435
411074
421972
421660
420350
424859
411686
427468
404662
424788
416919
412649
431437
409857
425078
412629
417838
410802
423848
404916
429434
416851
428406
411763
409085
423121
408875
410632
416864
419455
426207
405755
419488
420023
416398
407845
420799
420036
422765
413112
430521
411647
421245
423551
407481
410937
407392
403047
428173
431449
414316
407871
430423
421702
409342
425660
405638
429832
426768
423616
422149
422954
425742
402139
402866
417634
427238
430355
416018
414580
419167
426976
419139
400723
419755
416635
411698
403337
417599
402520
428046
400602
414690
421617
408572
400932
421892
414918
429324
429962
403794
413346
410475
409809
415623
409631
406491
423178
404869
416876
401761
429426
411812
411726
419645
416662
412234
400741
425759
417467
405436
406193
407448
422012
416819
413269
405199
402613
428339
402586
419189
417952
430360
411702
425467
421182
411634
421839
424962
428281
415378
406715
432147
408711
412645
405258
424848
423697
415873
430790
424170
406933
419966
406137
431125
407945
429959
428784
421689
430785
424752
408639
421803
426130
417674
431109
405275
421432
430582
429297
429327
429685
411190
419717
423056
416379
401866
409626
404002
423948
432505
411173
407034
412384
412974
424120
409196
406855
415237
429132
419491
412687
408230
417213
427412
426408
425426
431766
411956
429190
424763
419471
432617
429255
427673
423508
414271
406806
426234
423816
401117
424655
415833
423434
400055
430435
402803
413303
424837
406783
416726
421360
418419
428136
409659
409373
402714
428586
432405
419953
402095
419057
413034
409520
424314
401207
419298
431791
405642
421407
402462
410972
403880
405409
402506
431357
421769
413672
408822
422077
406600
400888
430369
425828
431123
414612
428183
428646
421924
414815
402046
415263
423410
419905
415275
413533
403113
423180
423482
406047
422616
424800
412125
429468
409194
416460
413812
412039
418008
401717
418654
430226
423325
420220
403983
410673
430313
429403
431203
417184
404633
405136
413490
417831
418151
416574
419621
409757
409694
414096
429512
419371
417938
403103
406752
403538
423181
414870
422910
421423
425740
422932
420948
414462
421996
402641
401096
422878
414303
420229
419911
412371
410723
424709
432220
408337
419701
415407
415233
406136
428417
429065
411317
427099
402718
429477
404430
418181
428408
428360
420369
430462
409229
428874
405376
413962
424349
422208
404339
424435
407003
421849
429290
415752
410985
405510
408354
413542
421507
411486
425062
407542
420091
430016
425768
430647
413669
401978
424272
424254
416659
424233
414164
423419
423876
425378
428169
432061
428568
427025
413753
423416
425159
424992
429813
425799
418195
415707
407724
407981
409851
421393
407549
415776
420274
416765
416074
411976
414799
404005
420878
402308
421702
407683
429680
430638
419607
407011
415512
403488
409285
403084
414017
408438
412810
409122
425743
405142
421577
430283
415267
412270
429380
417681
420462
429565
408207
427016
408386
431893
428485
409392
415407
428127
420985
421788
411404
430239
404719
422612
425684
423737
415884
407033
407220
414197
405132
407975
422369
411647
419571
429343
400559
427570
419270
427174
424288
411797
405114
405288
413497
400678
404397
413473
430044
410583
401172
416446
419537
413655
413109
411455
419686
421394
408662
402335
412857
423163
430133
411255
426003
401801
419833
430880
416119
402815
409833
432663
413307
420593
408668
432294
426839
405764
416112
400321
422460
419317
423679
412207
400615
418397
405967
432618
425077
420275
422665
423111
402297
431122
410349
430169
411212
427324
406467
425235
400804
431328
424213
405678
415592
412696
425755
430026
428483
416822
431735
408280
416888
422592
428067
401975
416885
429753
402855
402845
404906
408354
403855
410297
429851
414401
424988
431895
419124
405793
405562
407875
409181
423130
412850
404785
427471
407314
406945
423900
415910
416836
412201
431662
405815
418369
428646
416544
416931
413556
416163
424226
421549
403305
405710
408253
403400
428177
415018
405111
426356
415551
419652
412151
414923
432631
417320
411753
413527
420584
410324
411684
404007
402103
409581
420746
415522
401534
416177
426288
432283
414485
418349
423744
407333
419728
425392
400923
412072
