36647
19780
39612
31258
10016
38754
38540
18283
36654
14451
19430
28921
31726
25397
28893
10654
38305
40050
15971
12433
41076
21042
31410
16952
31238
29487
33515
35645
36900
39561
38909
20964
13527
41915
29385
18844
29600
15054
25476
17620
19458
15565
32860
14607
30017
31864
10078
18747
36714
16188
22423
19006
26003
34403
42361
30163
42340
30857
20097
16276
12246
32591
12311
32855
26427
27987
42422
27582
40575
16479
37452
33802
36269
21472
39140
32816
28596
38810
18562
22575
11628
40603
16206
27552
14804
39533
35061
30351
33694
38544
15437
18569
40941
34855
39992
29174
37469
34290
16330
23466
22084
15484
34222
31926
36151
29334
22213
41604
30416
12803
31761
32547
38319
26741
35794
29151
42431
38073
12782
15893
18362
21550
22422
42053
34288
25723
28199
37225
38468
28033
24910
22661
32119
10127
29808
10880
30633
12757
36681
16434
18972
11548
15827
27326
25148
28340
26473
32290
26076
24493
33068
18956
39107
23626
16294
38128
15207
10162
35757
19799
18168
18409
16010
25978
10912
24063
26971
36111
28170
20103
11190
15715
23841
20043
23951
19369
41242
10046
36956
30097
27316
18866
11126
39965
37310
32203
10179
41137
19930
18740
11922
39017
27778
23824
40902
18862
10312
41012
17207
10252
