26733
27096
2562
24313
6052
32546
11160
30478
29972
8442
5585
20067
7514
19619
6066
25462
4678
17587
20803
24252
201
20332
18581
25492
7700
12104
20482
28030
24574
2518
8631
3464
5286
12485
21616
7178
7514
318
3459
12947
20664
19832
5152
547
18451
1158
10711
22939
7193
3187
19546
28785
21682
656
17541
18856
4139
22029
9883
17152
9619
28871
10195
9322
18021
25185
27923
17342
25448
16790
14075
4272
22740
14285
3877
7425
9654
27374
23211
29938
12949
14709
30186
23550
27478
31941
125
16840
12381
17854
10415
851
25333
18321
22690
19569
4338
25811
16754
11646
917
4817
20488
14669
13743
1828
12648
16227
29961
25477
7991
30307
13060
21474
21882
10954
18557
21169
5537
17884
12531
1924
23236
16607
236
29661
9004
22662
7060
25156
29461
5296
27560
19352
29874
30803
9106
9891
22898
28082
18646
22000
24706
17111
3756
10209
9875
19005
17390
7420
8925
29645
22581
26758
30052
29195
15424
24403
27258
16274
8597
18652
22405
6334
23914
18066
13570
15784
29381
17778
6602
4183
2019
11738
31636
25396
19159
17819
22716
3007
2419
30799
12099
3457
107
31213
25878
28993
9656
30618
1427
7291
29243
19138
30793
15630
28323
25192
5375
7477
1936
22202
14584
29624
27896
23273
16758
1124
203
311
3965
9400
6354
1362
30937
30945
6109
4320
19043
31977
8733
11867
16255
11819
28879
24095
4841
26890
2330
449
3250
20194
23099
4515
12677
18495
1759
20677
30511
30541
24016
29406
8798
11920
17876
26796
12713
16341
8403
18056
31185
14185
27191
31037
22343
22408
5272
15642
6382
26648
27289
2886
2081
11928
30477
29012
12792
8787
14431
1815
21959
12505
9008
30392
7400
9903
14401
19205
32699
4166
12692
30732
31722
10026
2766
20969
32754
8060
26848
26076
12255
27042
9446
27039
26454
15421
32335
13558
7385
31323
14399
31111
2631
18927
9777
11500
16034
28286
27617
22791
32021
15386
29801
18069
3382
13972
25770
13830
24712
12526
3309
6797
12612
271
7626
2931
32345
7098
9290
24496
2225
11457
4424
10172
13750
32630
20509
31139
31509
19299
12412
17240
14273
14651
10138
5963
7740
13328
11410
10045
5138
23237
13321
24915
10918
9671
3853
25450
5424
5368
12611
14507
16391
31212
8770
5471
27932
12888
7738
1284
31175
26311
10713
16032
12743
8591
7535
4949
21380
20996
27472
11062
10646
4075
9594
1113
23947
13106
1655
26669
26597
5086
389
19214
16739
1604
7669
18967
14722
26492
8657
15160
5698
19987
20417
904
24877
13056
15407
10204
1430
9945
32170
19352
9247
26439
15496
4549
16254
26808
26064
5220
9856
10323
1367
26114
16205
23089
2856
20877
6127
18378
41
19558
24590
29357
28156
20151
12285
20341
32292
1543
16635
11512
5225
5644
31410
7105
26749
23488
31236
27073
25311
26295
29959
1601
16640
7343
8270
25115
17573
15209
31083
8234
29324
11447
6833
10751
9298
24791
31807
31957
29076
8959
17978
17095
13397
7225
6233
3137
11423
30833
27303
15797
1901
25036
27524
1423
19657
17980
32493
28266
31026
6994
17150
24964
17984
5203
15797
11631
26251
32397
6137
25866
14536
14315
2523
10928
13877
29640
23579
15279
8248
16897
8942
20476
12610
3150
5630
8741
21754
32210
10675
13190
11160
2288
19889
8384
23694
32609
29858
6759
31854
28803
18741
22011
2568
16884
13414
2842
18130
13920
6401
20723
28302
22167
26721
28670
4646
28899
29822
31723
6619
8856
8999
18904
12958
8172
26251
5830
10942
11785
7934
29262
452
865
18938
16784
12188
578
8804
28269
26357
426
5649
5878
22249
6236
13449
20771
12257
7731
31499
22217
28595
22455
8657
11718
14606
32750
20116
8318
14872
9333
20563
6796
26197
1998
18513
15793
1995
32252
25693
17168
27492
30541
3669
31902
11411
11640
13549
2772
25658
9959
4525
6823
16076
10
4153
16313
15791
19613
15061
16081
10212
10954
20520
23689
28137
21107
26176
1094
1246
32331
16087
23405
31976
15602
12501
5332
22227
18
19222
6263
23803
8615
5228
21357
876
21406
3304
17434
4936
11682
21589
5797
9577
19763
6662
26028
12360
15352
14802
29495
11549
4182
10844
28139
6216
31809
8344
5761
20720
15954
3210
22902
7146
10522
21329
12547
19932
13495
27237
25423
24738
20132
14365
28900
30704
23510
23924
18271
6457
8452
19724
3180
6864
1350
21363
5362
3662
25313
29862
23691
10803
23137
17107
4407
30416
23529
4707
1873
16996
23240
12088
10690
8325
24396
30515
14964
30913
27355
32250
30474
26758
25151
7672
30158
31807
29250
6821
20202
960
8827
14343
26076
1508
2663
27513
26404
6004
23740
2475
20031
6475
15609
5610
2009
8632
4930
5793
1087
5412
21099
4896
19987
12789
25683
7837
31043
5042
12403
5240
32315
29031
28854
27076
21850
6987
18571
14338
26275
31648
21049
25903
8630
7899
5748
3330
20990
1797
8749
3951
811
20065
11950
26735
2531
23887
4069
13571
1204
14192
23808
2422
26958
9227
1851
31971
29167
13743
21238
3576
32542
29978
26379
17657
16796
13146
26206
14088
16536
18226
18358
20131
4130
14783
24523
32110
19426
9819
20896
15155
10762
20930
22802
30247
14985
15476
9137
22639
9858
13402
11216
1762
1020
10667
18904
15633
4571
19217
28642
27268
28687
11528
17284
13639
10251
135
2538
1446
6520
7395
6697
32564
7979
24816
18897
2834
85
12137
1985
22381
22
2706
6464
28745
11429
4891
11593
21885
6745
28232
14885
12799
24778
22351
22848
6242
27597
24578
5429
26781
23566
9389
24107
17166
15873
30530
6244
11455
11547
17843
30995
18663
14145
16288
9582
19380
5249
32562
18437
2631
1792
14663
4178
19457
30515
14543
20625
16637
8274
10613
11730
16861
24842
30083
5708
15562
1139
15103
29172
29622
5953
7194
16718
28644
7486
28364
7811
20139
15096
4024
21685
19319
10166
23637
7
11024
31665
6223
29984
27679
11905
16939
17385
24814
22998
6955
16180
5743
5224
26225
18344
11392
31025
9062
11803
877
11993
18269
5799
25270
882
14964
4608
32019
28773
7099
24836
30134
6828
4249
5780
19152
9026
9067
2979
18774
23512
30061
22924
28165
13258
18398
20137
22436
29009
8287
4385
11913
2810
3229
25601
9566
13655
18735
17039
30501
30964
20418
17883
1658
25740
4211
2198
536
12157
23164
32039
12959
24698
14355
27132
21909
19584
16783
2
10666
523
11213
16393
64
29833
5586
8378
26666
31759
22961
11529
1460
32075
25775
2873
27620
19898
23206
8910
11008
10266
2215
21662
2128
17699
27363
31019
21285
27762
18892
6448
2843
4550
12919
5242
15258
21102
20037
11001
12451
26370
24002
7191
26825
23890
23245
20552
26749
11932
1530
16611
21135
1538
25396
4656
27122
19258
27047
5058
24768
17800
27357
6919
6269
27369
29990
27677
14240
12177
13630
9447
14415
27032
6954
24161
21611
7409
18019
30768
29388
17307
32054
17022
31182
26139
13163
31236
11020
6185
25637
19048
27755
11690
17161
19146
8795
15326
2210
10394
32601
15067
24068
29868
27832
23354
11184
18062
28834
25616
20408
10777
13658
11552
32548
2886
5571
2382
22163
5187
21286
13655
24102
12742
22576
7872
1177
12706
11578
5900
21939
12184
21
18226
28641
17519
28518
30542
32030
11078
22902
32407
13077
20778
3757
28561
7818
740
3960
21636
15862
11540
7625
4140
12145
25220
31254
14002
30165
7350
29092
29403
6433
27327
8709
19328
9755
24
5600
154
20794
26419
7920
23662
16578
7307
4431
29527
16945
5375
17397
20643
28378
21664
31355
31248
976
31049
7205
14184
28933
7471
23584
10675
25523
135
14088
29
20475
24721
27054
4208
15821
22779
17687
4477
23815
32613
968
1243
9441
12608
1088
10900
648
24335
3271
10347
23305
5821
31846
1738
25713
2100
3383
31228
6706
14379
3039
19356
20681
21823
10328
30798
11422
25414
17396
21933
44
12512
24734
21636
21857
19278
5475
13120
9800
25736
11314
13477
2277
24457
19680
11969
21089
30446
22895
1566
30055
12735
24464
26940
8141
6797
17254
24638
23415
27837
1933
1252
13944
11299
22107
30393
13947
23251
12390
24462
7010
16691
25670
7206
13612
31829
13212
23859
20764
18052
18771
21633
535
11805
25893
17010
18511
11937
24673
30634
23582
24583
28652
7947
8244
12375
18310
25572
32501
23412
591
18533
14109
5433
29834
16471
23462
6600
19104
25610
2795
6175
6504
20366
8461
10989
17317
549
27030
21411
22737
20985
5212
11213
20761
18443
29097
16547
19112
30828
14744
19675
11304
10927
25282
17602
20614
26270
19482
26763
8182
14636
15894
20711
14904
17835
1808
10710
5657
30527
14059
4028
14908
26259
15865
17079
29466
18378
29468
9264
10824
29881
17708
12976
17145
26451
7065
30709
8131
14436
10834
7494
13734
30339
15589
6659
20554
26945
15591
12416
27528
5287
30614
11539
17964
4320
26301
7020
4601
2610
216
26149
25838
32051
21625
5274
20424
825
29418
6907
15816
17170
28180
28832
438
23029
28063
24732
13350
20665
8027
18580
18170
28997
1759
14802
29224
4168
28784
12437
23998
7978
2852
21931
11555
6722
28230
32322
20383
10057
3581
24060
14877
30734
25385
8001
28208
17772
19086
21977
29269
30329
24372
32698
8056
18433
21517
2078
26553
2099
4313
217
31343
15001
5703
1514
26989
14414
27997
32592
13189
8299
9753
13599
22603
11458
10585
27090
22811
16079
25080
28387
19294
14571
314
26521
24584
30659
25194
11810
1125
9
20929
3809
22
13417
14986
19977
13399
10175
11
11115
24707
24455
2184
22668
4057
6804
13419
5371
5248
28678
22054
25825
13257
23158
24116
5594
26549
883
18748
1539
22967
25394
4336
24917
31418
2177
9269
18737
23654
7421
10884
6715
12191
31109
5776
17516
3151
24302
19497
26979
26214
9976
23904
13564
21535
385
8940
9252
2436
4601
13260
11756
11572
278
46
732
27236
22217
5008
22153
25636
12400
16933
26473
28131
10061
17786
14567
11574
31543
3161
13235
2261
21903
16878
8284
2278
14454
20520
12320
3199
28221
24930
2051
30822
3357
9539
542
17179
25385
23778
6458
536
24192
29230
12957
23639
17863
7822
14884
1557
21719
25796
17554
10710
4530
25111
11304
25257
28092
15025
23414
11181
1832
9542
14960
26836
7856
23030
29124
27879
5513
26741
30827
8394
1942
14697
8062
12290
21980
16147
4172
155
13622
6450
28841
27503
5449
12324
8585
9709
29627
2895
19405
5654
28576
26303
12124
24582
12597
19472
26742
17360
31185
12943
8005
24259
28696
27292
21941
4588
31858
22611
18310
12763
18876
16747
4256
25514
15933
12893
3494
19260
219
16073
10957
28355
24206
8470
5359
29573
9238
32090
219
6111
16361
19321
31984
3722
16496
11408
234
7965
626
12180
12283
12243
9169
18742
286
7311
3700
778
16808
32541
12164
9705
9759
19643
11995
25492
23888
27864
15033
17305
22940
11547
15289
22395
17555
13991
1284
31245
20676
26782
21701
7711
24018
15331
14557
28764
8907
5157
11223
20595
21174
8729
32286
25973
28523
15110
24429
20862
16040
18823
7304
18584
5472
15245
25898
3804
27990
4515
11838
8667
30955
29558
1105
4412
10548
28052
25160
19110
23120
15476
24654
23776
6649
18615
20241
30262
15448
14509
4910
8735
13086
15131
21737
2590
23248
28475
22562
15846
12898
3589
4229
18113
12552
14509
17920
2610
11849
4205
23930
16345
4181
31620
6594
32408
13464
15231
26821
9460
18063
14519
4357
8382
30939
10011
21318
23026
21652
26671
21642
17631
4831
20053
25664
24456
13507
9548
29369
7755
19768
9206
19419
3008
12673
11102
27161
8164
956
30457
30115
4727
19384
8748
17369
11426
4614
9999
27398
24029
12627
14961
15947
6160
20981
10524
17881
14072
17347
6745
1891
30413
10794
23479
13012
15906
11901
6665
1853
16140
11405
11182
1041
13190
3450
20501
14996
14612
17608
2175
21393
4007
9141
28167
7499
16321
30410
10464
13751
27609
8625
27871
9448
20737
11590
7993
31691
15046
31728
2445
19220
28248
6194
15909
1656
20715
20861
4473
10269
19804
6985
19700
10319
15640
25188
32507
7540
22586
19593
3116
6210
28915
5684
26083
4143
32303
693
2563
29737
14709
4739
12275
13192
21519
29652
18150
21313
1900
24938
10592
25436
1218
25520
10742
26792
2039
10245
23893
3757
4546
25176
17797
13794
3342
27893
17007
12832
25503
6814
27549
19799
17911
28382
14146
25216
10875
12442
4730
9426
18386
2793
20178
26425
3726
12326
2315
30724
26126
13123
27931
25821
12450
2911
31605
15103
23281
30107
13194
6051
