426896
407459
411033
415062
430259
432274
402942
415186
403583
428718
430957
422268
400344
427734
401561
407629
402088
421343
414034
420836
413919
407945
415657
415773
416952
407986
404565
432613
432701
405962
427605
411725
413709
420487
423383
406493
411997
429018
403033
405546
411965
414497
429070
400298
410396
424350
426115
432584
425103
417576
430722
406324
425038
412960
429367
413821
420479
419239
424593
410337
411192
430862
402667
413540
431167
428942
416748
421919
420628
408890
426155
409563
426033
407089
400663
410590
400016
417048
428695
428037
429678
429512
420845
409875
403023
421443
425568
420169
400706
430061
427546
428855
429670
405753
416207
405201
425389
406049
414111
400581
417248
431258
400702
420876
407523
431175
410962
429503
415547
406061
416796
412461
401357
410407
401755
420394
422120
415450
400749
420778
407942
428780
423864
432270
401871
401009
429128
413885
421343
416166
427193
413815
425417
400866
424024
417766
429788
405961
415621
401654
401957
400835
403036
421735
404532
404653
412308
427809
422435
419022
422054
419015
407509
429324
412722
431246
402300
430687
407455
418640
424542
418183
423683
402908
400088
428282
401986
428689
415651
407329
424569
403755
432214
420035
405149
410844
418604
416706
414559
423071
406536
432645
430675
402889
410806
405685
414802
404704
404084
419756
420637
415921
421041
429354
425538
408477
424212
403914
409412
401204
432320
405685
403702
415237
412375
426006
413224
417715
403516
411086
424837
430924
406686
400488
405692
410583
409778
422991
406750
430892
410047
400702
412167
419593
410208
427001
410689
406625
413830
423995
427941
431351
429244
429807
405956
416556
409263
423074
422469
432149
430829
410681
415439
411601
419309
407007
429609
432154
409680
408130
419487
425241
419942
415231
428968
428159
404724
414042
411335
407249
412980
430131
411567
403203
401950
402998
407466
421961
421094
424785
400443
428586
421574
431211
412930
424662
404989
414803
426209
409529
429080
411894
407133
402512
430448
415958
424775
424764
430580
418999
415643
421269
429864
405915
417704
414848
424814
405233
405873
413956
410245
421130
418132
431641
408399
415692
432617
432386
419543
428458
422701
400349
401554
412372
410848
411257
402405
430250
423979
409959
428776
430455
400518
427860
404074
409692
410585
417942
421685
411018
420321
408836
401554
411316
420566
417803
404496
431045
413003
430846
417410
429006
418645
414126
405063
413250
427759
402747
424654
429157
423325
401705
419160
429826
429904
407222
403200
410716
425098
414315
428025
420456
425922
423922
416792
403769
423434
413735
403602
405948
412399
417137
415494
406693
418721
412243
432574
411049
410964
427582
419122
425710
424677
402602
402125
424128
425409
406117
426228
420229
402947
423210
427077
426483
419292
412021
409116
416128
414776
430742
412764
425754
412318
422148
427628
426521
432728
406261
424831
427890
400597
406315
402969
409389
402251
432657
424143
413209
428448
406790
403534
425918
422027
415737
415390
414867
418551
425270
426920
409713
420520
431999
419574
404808
415776
412255
431803
431633
410052
425147
401427
413187
425531
424362
423051
411658
400919
430983
413924
422517
403639
425284
426260
424686
401515
413184
402830
429744
430554
418524
417219
420596
406177
430859
424937
414124
414525
420393
402939
407156
403499
416974
428033
407494
405069
404322
424849
407661
405136
419635
411798
404796
402636
413124
418640
422655
429548
421481
412572
409778
418126
413200
422262
428529
407917
425314
410300
419248
421821
414987
411188
412972
405462
412757
419793
411425
411093
400892
416306
414526
404479
405310
405868
403926
400296
421169
400137
402392
402772
431193
415569
417537
431131
431738
415688
422480
401490
430763
403191
411323
406887
431020
425327
419872
413453
428153
403468
418430
405913
404255
402295
425829
426412
412111
430318
423851
425747
402993
419912
421217
419563
417530
428851
410117
409865
432065
400833
400633
400537
414479
411683
407092
425988
406197
411060
407864
430104
430690
419129
414788
406115
405620
417382
411594
405215
416015
401573
428579
431317
411500
425748
414594
419579
405876
417228
402983
414431
405902
410729
403157
423817
426677
424391
416133
425820
410317
429321
431708
430398
405303
421856
412379
417017
429987
427530
416598
411360
410405
413208
407719
423605
402316
427893
425507
413130
406255
424356
404429
428135
411528
409801
413898
429676
403909
410475
408085
407351
415901
406904
424308
427208
419873
412809
415915
432675
405075
428392
429295
422134
406074
408272
409245
430716
430390
400755
407852
415649
413330
408897
415585
423015
409944
424936
425921
414344
431209
417943
410956
425821
429260
431368
426088
405758
428615
406461
422940
403115
423468
412554
414590
419947
431222
408659
408431
403954
420628
413975
423045
414920
406405
408365
430409
425384
428709
414414
408739
411943
414407
409812
412818
426902
424963
423361
421152
421928
403154
430595
423830
430936
414936
402295
412140
425093
400384
416811
406147
414431
430030
403048
410647
403847
414961
408048
402927
417522
430872
431748
406614
428943
407815
427945
427343
410537
411370
431532
402821
405646
430825
428004
401793
410865
408572
416823
405279
430221
409345
415711
428867
423691
418316
431470
417736
413222
420350
406544
411065
403213
413273
429073
407492
411400
417618
429215
428267
430943
430632
403152
406397
423032
419765
420327
431173
422975
401731
406739
419329
400330
407456
401656
430358
414782
411765
428594
402305
413420
421331
415767
427281
407744
406543
420989
408531
408796
401872
416573
414926
400000
427622
413494
410865
414253
426589
409748
415306
405002
425554
417874
423289
403846
427014
417021
422755
425023
404913
419003
429867
412707
401305
428173
416862
412372
409570
419025
416109
410193
401576
406283
412257
414932
413771
403684
404426
422902
427018
411763
414200
414489
413908
427452
428142
416007
419418
419190
411028
414935
426089
424210
411308
424465
426615
416760
403463
419858
422268
431636
413049
409777
409603
427921
405258
430626
401536
410084
417262
432155
414180
422413
415160
432182
432751
409625
421322
417175
419013
411628
425744
432078
406341
429885
430574
401662
417174
400610
403574
421695
412802
431438
424159
406850
403464
426072
404530
423476
404396
400446
423239
430308
431378
418281
431088
427559
417995
401010
432244
425596
412015
411110
424767
414444
408812
418630
416983
400692
408605
412114
426514
430886
415903
420743
417927
405837
410848
424167
413506
424144
404088
404984
405436
410776
408253
422031
402186
424373
404881
402382
401236
431870
402047
414956
424329
419832
432135
402740
407377
417530
421173
431441
408899
416398
401785
431560
404825
416281
411314
426182
428448
419263
416140
418076
421684
404865
422924
404104
425324
402344
429673
411446
408914
431719
410142
401030
400726
429244
410429
424208
415043
420503
427014
419302
411249
401470
407224
427288
404541
420080
401831
416638
405686
416968
424335
431025
407961
416229
407080
413787
426368
428232
431354
422833
414038
425981
409203
426045
421390
412414
409911
423649
429716
415828
415671
415257
421380
430847
404485
401024
413211
404248
429543
426134
425451
414133
413482
432064
407762
420877
408120
415376
422316
426461
415469
428103
417352
420618
422311
428952
415513
426119
432284
404143
417582
414841
426865
406642
419940
406937
432392
408327
403419
426458
427929
400278
429734
429133
402180
406352
408263
432705
425317
419248
423002
408494
421353
415744
428816
426708
424417
427552
403423
417567
414741
431235
419576
401230
419419
426874
413178
417492
432488
403381
422501
418430
413413
429062
418897
403543
410054
401513
405856
405193
409815
416322
431089
407300
423831
403941
402070
427684
407882
420187
431049
421005
426570
403556
420314
429338
402334
424376
400172
407928
412877
402834
428705
415308
419828
419183
418899
431516
424983
429331
406149
428012
428469
410830
409305
411815
431519
407805
431043
412097
415242
418515
406077
426651
407010
413274
413628
427559
402017
426420
405603
410700
415457
420263
422263
424588
400110
421721
415764
432100
403104
400215
423966
432115
401703
420316
411513
432479
421288
406609
422269
406389
408136
414736
425636
413455
427398
418413
402566
427707
429517
408055
414216
414233
417609
400635
412624
426117
422907
402762
421116
411382
432648
418108
417811
419110
431191
410101
418875
402932
403802
409319
422573
409350
431148
414360
415847
414642
429021
406694
432160
401183
414986
423176
403585
428455
430512
416918
418450
404864
410433
407244
406643
429724
406264
420043
420940
428493
406634
424352
405382
409389
423519
421833
422460
424893
415199
403445
426732
419404
419728
428300
425587
422811
404287
407919
409656
419262
400828
407937
402087
416453
400619
427878
402401
405148
414232
405515
410289
406576
431755
422246
403395
428499
427612
414207
421648
429282
406921
414127
402845
405669
408390
432039
413541
408694
427924
410037
428435
406822
407317
407747
400629
423324
416031
405153
431278
408255
416783
403716
404779
403095
431072
409038
405336
425646
429820
418959
429075
403901
404817
426316
412641
405636
404904
429184
403167
411130
402738
425057
415996
400038
431460
414564
427622
425805
431109
423939
410690
400077
407942
407998
432544
407369
412049
403296
429230
420486
412132
400003
430123
400789
424800
400470
419103
407475
420189
427934
410826
421997
426817
429051
419546
429320
422993
423533
407521
429343
404935
418582
414725
428686
415524
408642
432634
413839
432327
404132
420397
421411
423103
416482
419394
411572
401886
408661
410817
420856
400654
400650
429324
405528
419048
411404
413589
415506
430979
426725
405069
411740
412298
402274
412000
432586
402834
425623
418847
422065
403114
423971
415293
425549
414003
426165
400703
400224
419570
405199
401966
411420
424803
414922
427919
429379
414032
407579
430997
432013
407203
413140
428692
421450
414329
401518
429497
404552
432503
410309
414201
403959
416865
423012
410439
418763
402664
416515
419850
401378
414916
423246
432334
431847
408323
404200
417849
402486
431009
400816
431937
409920
402776
401475
430493
413745
422329
423362
421497
424401
404348
409301
418158
402088
419605
407535
427953
408422
407944
404692
400779
422018
407933
410969
403465
425248
431767
429931
419572
402744
408322
420435
402179
400117
404299
407352
404560
414555
432245
422630
400649
429613
415817
400590
406632
431374
407533
429901
417253
423398
416952
404785
407722
408711
403269
428153
406343
421777
412870
419420
429991
414866
400027
410765
418626
409458
432164
410558
419733
422159
424659
400227
405199
411940
401541
424632
430286
413551
427026
424709
418889
415763
417826
427808
415823
411451
422979
416820
426480
407552
401465
427970
422458
428685
412053
427749
419943
400768
409482
420570
422996
407188
430331
403135
400693
417405
428248
420507
417928
406548
410795
405407
400711
424628
432494
416172
409442
419812
408224
430613
409452
422966
415640
409509
412308
406383
402200
409572
403160
423911
424229
411030
403317
410931
431894
426117
411042
415234
432620
422528
405885
407877
407265
431524
421702
412307
418372
407514
414923
428491
415875
405409
424739
431611
408970
413198
424095
413568
411211
406032
423678
419183
401566
418041
424416
414260
429388
411706
420222
428921
417894
429166
406935
420170
416732
412059
402606
428150
432202
403636
402290
404536
421909
421474
403582
418582
401591
419587
426050
422666
431703
414708
431425
413920
431517
409099
428158
403167
407492
414056
405040
405163
421105
403054
410301
418410
424131
400396
420838
411942
400683
403265
416319
418418
419710
408543
401123
423249
414664
406159
428389
411219
408164
413717
401930
424193
408521
414165
431157
401531
401063
402326
400674
410464
414771
402055
414423
415470
431806
430463
415576
423275
415373
402057
412699
414659
420069
407968
432571
408178
404837
412855
417776
427428
400793
427261
401855
422043
424651
427358
426478
405586
429596
424525
402363
401760
405204
415425
426958
429342
426743
418429
417131
412172
405017
425365
421868
408433
418418
408878
407663
422978
428085
411013
422860
426309
421662
427315
425162
401014
409162
406959
416402
416682
431692
410900
430947
423026
432509
429348
432008
417602
413331
424845
415879
415699
430454
429932
417948
420037
427599
413712
425573
407689
410337
401664
415967
400766
401948
431935
425873
408922
423407
406478
412423
408524
428895
403315
401794
408672
406742
426937
422894
408482
413373
425272
427796
426886
422476
402198
417041
409351
412321
405454
414471
422159
409616
415536
411410
414359
421307
406954
416382
416783
431458
410821
402487
425472
427388
424178
419712
412912
402822
420999
402152
402566
400539
408581
428922
427502
411205
423836
411701
406911
420243
413169
426428
416667
419435
414750
432718
404695
412962
429818
401911
417116
431178
401820
416520
418702
417995
410906
418502
413163
431158
421270
414303
405557
431445
409724
420898
420819
427783
409605
403694
415605
418122
413696
408043
428535
401562
423889
414329
412808
425850
427450
413286
423947
421456
423769
428132
410045
408949
412530
423098
408344
404877
401647
414777
428280
416276
411429
430962
431613
406074
402265
404006
410672
422897
429955
429822
418281
417092
431697
430972
419312
428010
405615
408626
407266
402203
419590
420146
426454
425890
425859
418501
418881
401972
431257
400992
421143
413696
409737
413651
407859
412039
408737
400068
405241
403374
432642
424028
400698
429841
423847
402752
409943
404891
416163
404419
424106
407124
427434
417370
401697
413561
428243
415312
421164
403154
412316
412346
405210
401472
413999
414638
417343
414358
400100
421296
417560
411305
405766
414061
412082
404651
415706
422828
408327
424884
425949
409985
421930
405410
416846
421059
405734
432419
410348
416961
413090
422928
407809
431921
406664
407549
414111
406889
418279
415502
409898
408018
405461
417548
412182
416153
411928
405687
419570
429735
410439
409950
415142
427476
402476
400046
419833
408919
415341
429256
408918
419713
414059
411286
412111
419244
424043
411742
413282
421742
423156
418967
403067
408082
430199
410364
429755
406600
414006
432608
411896
403995
417374
430529
409989
419108
421750
427807
432563
400637
412413
401038
408471
412665
432207
417547
416526
408594
428233
411276
428031
417827
400429
429275
407008
413016
427080
428195
416892
420066
420818
420555
431603
400879
402581
410628
417282
405465
426194
428190
415364
425117
416736
427680
406841
410512
431638
426519
409287
410701
428011
420782
422654
412146
405596
419199
413280
423564
402062
428585
410849
418511
423605
404003
416235
419339
410164
422736
424357
432731
416518
407251
423797
422176
420444
409892
415172
420781
430727
424035
408321
412740
404505
406765
407528
414530
417351
428078
410372
416918
431762
419254
429426
422263
402343
418446
431337
402007
423811
425676
431863
408850
414938
404837
412045
406380
420794
429635
425150
411066
403820
429719
428484
411103
409499
418673
406340
427642
403127
430734
416467
412254
401308
425328
405432
411715
424047
402100
408307
431803
432329
428449
420991
431207
432408
429053
429525
401514
420162
422436
409009
407326
412299
431451
416024
411398
401592
425057
423322
414212
417396
403015
413909
405196
430324
423810
416058
425625
413399
425279
406548
404255
429648
424694
419013
426176
403078
423490
424275
407810
426043
406768
417828
428353
407980
418133
412422
428449
410041
411877
410483
428103
405062
420098
414738
400585
414177
409106
420736
430050
414885
428244
416849
420715
414814
425460
400978
411270
413678
431069
406801
401949
418287
418510
417696
420235
429721
412464
423317
420760
403686
415271
431445
417707
430837
427111
427923
412475
417196
425801
424979
416647
428962
417821
426932
427911
424764
426434
420781
429602
408598
430197
417303
402593
414628
412647
420780
420196
406809
405394
418510
421587
422023
423244
432075
422552
417096
402973
426591
431372
410526
404814
414842
402670
412054
401858
421444
414555
403250
407946
414558
418810
419270
400307
427371
404856
405155
427106
419792
425524
421107
421668
430263
407867
411364
408447
404314
409462
406025
425933
413566
424226
403197
425546
422461
430977
407625
421995
414729
411343
430215
400497
430062
407672
400328
420159
405527
413064
417844
418920
420756
426339
412144
421517
422235
431286
421445
426470
418956
403629
428542
411422
421369
432743
409361
420964
427749
406183
415106
422591
418060
425420
426885
419233
430052
417795
426211
405696
415523
407995
420254
428065
410241
405593
406488
431733
420543
421677
408817
419241
429032
423077
406000
406969
413911
409537
415524
406981
423929
422343
422667
414566
406868
407608
417906
431170
423368
430850
429022
404958
419733
412407
417835
413620
420894
404606
419443
414598
415469
416393
400689
411633
400886
413127
412326
428357
417568
414746
413308
416916
417537
402507
407210
409865
419049
416253
400279
420731
432163
421343
427906
401474
410231
425510
421153
417610
400371
424763
422280
431718
426988
429232
429389
413158
412479
410233
411882
426859
422876
419417
432226
403194
428422
426394
432680
421456
423892
420609
408892
422517
426364
422145
430743
412564
408784
422959
413129
401162
407945
427510
407777
414653
406468
417676
401293
417967
424010
410916
423298
420307
417300
403814
408606
401183
424207
402716
420684
430562
420380
431918
418217
423000
421979
426192
401381
423803
401321
422394
414571
408349
417895
432664
422980
427060
400510
413956
424504
404853
408991
404529
421175
427556
418000
422953
414968
430890
418596
429625
412640
419432
404425
405098
407845
426059
415560
419252
423475
421792
403465
417903
418639
402346
417814
420106
405370
402546
419872
426751
415640
402783
419783
406022
401617
402950
406294
409994
430648
431427
405837
401497
405930
404105
401636
402591
428025
420214
416972
412693
405578
426923
427768
412790
423612
429274
408604
428083
412235
406816
406709
408423
427507
425366
423753
423181
415000
400163
425968
405617
407333
424852
426259
402148
419444
401646
401780
430516
403054
411394
416622
410715
408819
427843
418175
419575
400124
421589
404483
422138
424062
408294
431170
418851
419730
405313
401581
423853
402132
408352
419429
426950
400136
417858
402429
409922
428036
430142
424321
405905
426186
422935
418231
410350
417524
414224
413860
427226
422229
427458
400210
426185
410077
409195
429265
428827
422589
423817
412796
401485
423628
417704
424317
402033
403753
401784
401300
428763
428066
410402
420116
418846
431957
430044
406062
401463
404757
409532
418161
401159
405264
414153
403858
424199
426542
412760
432233
418359
405948
415638
431933
407895
430537
419425
409665
431962
418000
418140
404830
422680
404632
428098
402483
404803
425561
425338
410459
432284
430624
405484
431342
414310
400756
431892
404042
425755
420154
423252
402707
409439
410326
431247
414072
422194
428179
405747
406968
430441
415045
427542
408293
414047
429869
406085
414441
406760
417308
418841
409542
642
412891
427594
417826
417760
432587
417224
402690
400495
424649
413192
431318
400507
415828
407452
425910
416326
410610
402695
411883
418695
404943
408015
420273
418073
400808
432084
430395
411381
422631
405215
427512
409694
421904
404094
404501
404571
431451
422416
415043
409194
429731
421660
409018
431987
407678
429543
416381
420603
426158
404549
416992
427162
402872
420527
429896
410031
432594
430998
421683
414546
429314
429303
403576
416906
418437
428080
415183
409792
431470
418834
404115
407156
413839
423223
420295
422447
408988
403605
413272
425401
413582
406612
411809
429963
429126
412381
406836
423559
432499
427060
422104
421351
430261
422279
421326
421236
417539
429831
405081
412152
406346
428022
411773
408053
409686
426241
415494
430743
415222
416977
424908
413928
431451
405213
415542
410435
410818
413826
432381
419595
427603
412757
429618
413340
423496
431032
413827
402306
422993
406187
424634
432362
400439
423397
427654
418389
405952
407332
407422
426644
426964
410561
407395
427760
428765
430471
411557
426665
411252
406981
404521
417442
400953
414370
406346
414042
412162
421553
425758
430878
427321
420549
422906
402045
430463
428551
421944
404733
412821
409669
405815
421900
417149
408205
428452
403001
408796
415227
412920
414884
400547
424143
431170
429235
422638
426434
409639
423431
404525
410011
416807
406703
411777
406269
411426
425883
419945
418947
410906
424787
429213
411919
417338
404713
429370
418398
405271
432427
429088
424416
429623
418846
419480
416711
404176
427176
420411
411742
428241
417933
413967
429981
425510
418973
411890
428794
431416
421163
428604
420225
424116
430784
410016
426535
412814
405265
414035
401500
432197
405039
404848
425695
403048
425982
415644
419030
425305
409064
409062
432414
415057
415954
426224
401376
405412
418639
419156
423525
422727
412692
422977
409899
406159
400557
429925
401464
425531
430190
424976
400814
420277
432043
403862
420512
402581
400172
407285
417316
413031
431067
424887
420521
418222
412352
432154
425355
421673
415023
413807
425189
420436
401728
407488
415655
413234
403072
421301
416744
420170
429798
422840
411517
424943
420873
417112
411338
428997
412815
417771
415192
430209
411113
427384
407464
417264
411198
427732
423879
421691
410276
430346
404003
423785
431510
424448
417053
416549
401827
403544
422367
423874
429155
406165
413424
416636
402863
424319
401669
414465
413457
410056
400923
421936
423802
430319
425666
421408
425779
414053
401852
431716
432150
426479
429510
428941
423422
422987
411062
400625
418684
417558
402118
427947
429772
411373
403760
411875
402183
426707
428795
419152
426393
417746
412948
412154
405494
403429
410272
404037
413065
430102
414353
425771
402925
414180
408439
429001
406368
422887
412057
428829
402805
427447
406341
420622
409609
414473
429924
407724
403063
414235
432721
401850
419600
414035
408812
405354
416453
403491
428522
400999
404775
421679
402799
423960
401554
426930
412382
413988
418468
416285
419056
414001
427252
418818
420867
419826
421377
429361
425653
414560
415337
431137
420018
416583
403036
410001
429002
419333
411471
410478
417607
412302
409077
405240
424317
426932
401515
421409
415650
403622
408755
400437
415712
413366
426851
431552
432553
407647
428702
409517
407627
423302
408900
412075
431044
416000
428646
421845
400343
419669
403709
425873
414047
402115
410587
402360
422372
415878
401889
408568
426348
414551
401011
410487
403091
431923
427561
428729
429278
428637
404423
411844
409933
405414
412016
641
408879
415212
426518
405350
430906
418017
431925
407122
422619
429837
403137
406969
423371
418071
427357
420865
420835
427584
428237
421163
432433
422448
415406
427701
432715
425973
428900
400063
418531
411209
413013
407150
428700
426259
401493
419726
416796
406577
429408
431483
416355
420725
422543
418113
405595
408557
429893
413954
409264
420456
401577
412312
408545
416565
402010
401788
400024
405294
427870
408550
404023
406006
425819
430902
402867
425342
400393
430995
402597
423630
420583
401106
402078
428034
415533
407193
430267
408466
419842
430532
402810
400599
405232
401671
417484
426443
424597
411349
420460
401937
401819
411265
419950
401205
424426
405156
408603
418356
413723
410302
417532
422463
422704
403488
420405
403644
403587
416265
412181
419470
400381
403727
413674
405142
401544
412096
431642
412025
414919
407178
420463
415396
425988
420056
406195
421518
408426
404862
425853
408125
408436
432215
409930
402444
413093
416556
414671
427435
417402
426968
414606
423783
400285
419242
422312
402604
427611
406027
408050
412104
428632
427105
425802
409329
420993
419123
418348
406666
403011
428173
402816
427170
426234
412582
411062
409022
427437
406976
427541
412376
431352
426064
419920
416935
408393
420447
410203
423969
431440
416560
419452
413247
415920
432163
430501
409856
414971
430553
431105
407984
426205
429209
419789
406634
419735
403442
404073
402652
428719
428450
404399
432202
429030
405431
427907
407765
406379
404980
425387
431614
403022
416374
424930
415334
418103
404888
429607
407255
412504
416019
403803
424584
423328
416362
427019
405661
416306
429189
422283
422638
405525
425115
422724
426505
403245
427606
422990
418426
401514
424754
418626
417610
407103
416039
400969
431557
403798
414855
419193
421504
427394
407849
411490
403355
430837
419527
408547
414788
419763
421029
418115
423292
404806
428147
429948
430110
421555
429173
407002
418845
426670
422113
407237
403725
419338
431241
407003
422885
432755
422073
429123
403971
417119
410723
415549
402800
412482
424569
414973
421478
410369
413595
426937
405007
400810
424690
407297
409232
429666
417372
431951
425030
409247
426441
409567
408655
424599
417253
421568
429133
426488
408055
424748
401254
413913
401672
427541
429200
423152
406089
432384
410123
410374
413871
403222
414254
426153
423392
402552
425319
415265
404562
403412
400766
400549
423089
412214
415257
416974
400002
407840
405125
430411
408583
405212
424115
426455
428386
410897
403841
412264
425724
415125
427579
418473
401192
417154
412514
407979
421636
431756
405676
408023
408224
408209
421451
411944
418915
402802
403314
432535
410538
411938
417302
417238
415409
403452
414706
407104
412599
411994
425165
420369
402781
416867
419327
409810
425552
425252
407346
430104
405543
413667
405606
414062
418191
419503
411960
414864
409509
402748
415075
418266
419491
431854
414343
418047
409023
420660
410409
415742
412240
429079
408315
415314
409139
426771
426078
401513
410989
401445
419622
405336
415505
431909
411805
415949
429413
427862
408778
406341
411968
401724
424179
428671
402614
417453
423776
423984
424183
426283
412770
423160
424821
412273
412820
423317
407109
402252
419937
419927
417736
402604
417990
403155
415114
407291
407897
405468
409194
408493
428939
409007
432124
423193
401194
429166
406315
401543
420906
419024
418851
423562
420260
409366
420206
427408
413215
430657
413276
400055
402703
402306
412841
404706
417179
420338
422234
425485
407203
416387
428264
419549
404482
405558
431776
426107
411920
427151
416586
401571
427115
412743
405257
416760
428280
429120
406146
426651
430116
416446
400192
412411
405872
426195
401239
401135
412460
413723
410696
409346
419970
426154
431397
405517
411831
404291
426998
403212
420782
406474
424538
419626
411566
407548
417138
411166
429156
415326
428282
412346
431916
418163
427449
432577
425100
414514
652
402682
412417
431287
408606
413826
420607
421433
401258
426598
409651
406332
422596
413809
421899
425736
426405
409667
422264
431449
411429
413091
412147
408408
406302
404247
400318
400586
412303
422065
420204
430472
403262
404779
406179
415535
400034
429367
413217
430872
423935
429328
402685
405643
412115
419925
406319
421679
423537
408599
422227
406981
432108
429873
428970
425238
428854
406743
428642
419626
424585
408946
413463
415419
419590
420267
428953
400105
423325
414662
431600
426800
426796
410418
408989
421782
410603
417374
427555
405801
422407
405198
420550
413352
413581
404333
429971
426369
425866
408869
426912
425723
424561
422317
424085
418229
401852
413858
430955
411471
407254
427738
408180
423527
407865
416757
427164
401607
421843
402996
404974
431580
401839
405647
406874
424299
410065
411393
427957
414335
430690
417063
416769
427686
426765
426761
402671
431452
413352
400440
408482
403400
400407
429337
403382
411814
403053
414336
403585
415877
405589
407424
418712
430642
411313
400770
416917
406388
431744
428693
432664
400889
416261
422405
400396
427153
401702
420655
427820
424090
424210
412307
403909
420795
407334
413995
409021
424406
420626
419324
429012
429879
408631
429546
414762
409362
407124
431568
401410
417324
412002
402128
417989
407000
426172
400616
426058
418597
406915
403398
411220
407126
409665
400862
407388
403090
421324
410041
413841
404957
408430
432528
410910
401735
400962
403737
401579
416099
416225
425377
422694
409339
404030
409691
420291
430082
410831
410360
424257
422090
650
408183
425328
400760
415614
400447
422384
413620
424401
414059
403515
404645
417737
406629
401125
413468
406846
429238
417315
410127
405152
425244
425355
425802
416990
432093
407322
411233
424070
429404
404347
417769
419885
403690
408454
401639
427537
430046
400136
410249
420093
423656
426178
418324
406637
410018
432052
408862
406515
409704
431515
425469
411097
426090
632
404607
416008
418303
409299
431836
426536
420157
421760
411368
420873
425158
426913
415629
403266
427748
403500
409209
400664
404697
428590
417300
403873
430192
418320
422837
401705
413656
410649
407061
410836
407474
416309
407556
420485
416617
420597
418650
416767
427970
414166
401457
405834
410548
412870
425041
404057
414585
410340
419564
412649
422373
419976
414860
410540
406519
418947
417609
415655
412334
416424
407359
419032
431901
425867
423743
405789
410818
432520
405957
431185
417300
430855
412202
408760
429915
426495
421403
430749
428996
411833
410442
425785
411829
406487
400739
400087
426846
407956
413762
427574
410769
409165
422499
422703
415443
426561
402330
401559
418483
400533
404484
413031
402778
403355
427837
419610
423268
426579
405459
423767
428526
412466
409339
431312
407536
423971
406659
416618
432590
405452
424712
405406
415017
411666
425065
413983
422651
429535
416379
426173
425443
408098
401407
408969
416445
407576
425425
417082
429942
401611
419938
426959
420894
430040
403815
409206
412223
25
408019
411053
415342
412081
423939
404135
432159
410878
429625
422897
404414
426477
400716
421205
418555
404538
425886
405247
409445
401672
407629
401374
424762
402541
418478
423757
431229
430129
407031
426483
429642
417747
422203
404967
416871
409037
410524
401944
404763
423449
427196
419053
427331
422388
414068
415272
418466
401634
417993
426000
415865
422642
402715
426959
416343
411715
429472
402713
403763
424391
424977
407822
431800
417607
410275
425058
430816
423592
409145
431291
407492
430188
418008
409946
411571
402812
409691
425726
414081
408100
425320
402181
421665
422495
431778
405973
414326
408405
424992
423034
431207
405026
423711
430480
424498
430041
408051
404836
402690
430792
404548
415062
417731
408830
411510
408194
425781
432139
431977
425887
428095
429575
406371
400934
430215
432086
410442
403127
429375
401577
419095
417978
427074
410312
427655
429378
414559
410000
427795
414006
426484
418999
407075
428722
413887
432344
426367
431531
424946
424235
419846
410578
418693
403091
427170
428987
429520
430047
411003
406335
407641
429897
402283
424223
420587
426307
421299
426473
409832
407668
425452
429088
416991
422653
419904
405399
408161
406784
424921
404510
414225
404579
403354
428896
410619
426449
431885
432652
424999
408322
400285
425011
427373
430653
407046
418034
425610
419611
414729
432464
419188
404621
431716
431721
404715
423968
406273
430797
413777
431744
411502
420643
416187
411963
405389
420370
429640
430536
406669
428897
406706
404936
403480
424540
404002
403595
409550
413562
407881
402902
410867
414014
419756
412132
420964
408667
404799
418474
420560
415515
412214
407136
432420
414721
405272
400188
408903
411566
404245
408705
412424
407041
414873
405688
405845
424578
417825
410941
427949
430081
416078
402174
405463
424826
422455
405632
409557
417340
417028
415011
411668
422730
418745
426406
412133
424962
406095
401901
422449
417788
427785
416770
420967
427061
408837
409691
418234
400749
419090
413531
424074
426445
417985
423962
419871
409037
406463
423017
423069
421973
425825
402961
419636
406050
416897
416092
415384
429164
427913
430295
414641
410310
430797
409173
413331
422981
430878
429367
411568
415716
424603
401899
401740
432167
431563
422579
402738
430591
417513
400808
430758
424686
400255
417790
411802
406123
423991
430729
417829
410248
431853
413568
412464
414674
410376
402818
412531
432249
409611
424918
415136
422577
419431
429047
406749
416343
426644
431184
426616
411096
404063
403524
411094
432719
425094
409969
413869
419565
425602
423478
404339
421790
429220
424306
402967
412393
430179
411535
418030
431896
422133
402624
418288
428698
422428
413830
428580
418725
423235
430713
425817
424736
413897
427077
417303
425663
405917
408819
411605
431728
408331
409962
401772
424182
415957
417333
431564
406483
423814
413318
405742
404076
431875
414843
403210
430184
420707
403105
400393
418649
425984
415415
425789
403358
430286
431540
413520
421000
429548
424203
416378
416699
425337
402733
413431
415703
405417
426319
405433
421464
424216
415854
426330
401595
419678
428945
410452
411875
402403
407887
428404
400570
424181
425616
412044
431387
404759
406680
405865
408560
403612
413761
432388
402839
432501
411271
419068
432523
428360
432714
421188
405056
432578
423760
408601
416846
416557
425610
407864
412882
422213
403352
431437
419601
424519
416654
428462
418143
420940
404729
409673
416064
416981
413981
423900
407244
419495
409217
407652
417624
401881
431278
404439
424786
418347
405811
421653
414573
405401
431596
421660
428286
404784
427140
403068
404902
418337
422713
413452
425522
432404
409311
416730
410815
412094
409128
413544
402978
409782
432674
410133
417415
424324
430081
404697
405847
417531
426015
412725
430176
419274
421441
405354
409136
406861
415516
411626
421825
414377
425752
429324
405852
426519
400979
428035
430775
414336
429545
416785
417377
427851
416371
401144
417887
414835
417741
431538
426008
401628
414237
403809
405870
410343
415760
403593
426286
420676
432743
403581
409770
406023
421043
400151
431268
424446
422748
421036
420718
400962
420584
409151
400976
400909
423034
430069
410154
408267
428953
421833
420698
408692
428339
426113
420064
413720
415714
421089
408256
406716
408941
400158
411560
404068
417170
406678
431571
415601
416259
415165
428845
432173
406446
424539
424120
421029
414017
424437
423214
424119
413422
403592
412392
412267
424812
421758
425214
416391
403006
422618
403376
424797
402231
431798
409605
403944
403262
424175
423601
423191
418383
406303
410172
421737
424642
424139
414817
417466
413136
419294
425653
400989
432467
430422
412297
419690
422605
407614
411664
422745
405420
431324
415941
404688
402124
407083
424199
418490
414526
420748
412934
405913
430152
432312
423139
431901
427692
427513
420883
418805
408365
426138
423941
425957
429648
417691
420356
406553
404832
409770
407646
421817
431284
430415
406214
408253
427829
407655
415223
412419
401178
422867
426650
421790
416758
409201
400234
411250
414197
414283
413334
421886
417378
400143
429670
406904
427373
404672
425250
415007
417068
430762
413744
420045
403935
428699
421500
400075
429944
426064
413213
400618
425051
417070
415029
431567
405858
426035
410136
424079
428836
422443
417457
424572
422007
404007
426786
400190
428595
423467
404395
422693
403513
416807
402893
408509
423860
427816
432303
411299
421535
431312
421056
415384
430216
415492
415390
429780
422035
417252
428343
421020
431297
417280
414510
425751
401010
411336
404352
414046
416809
400709
422247
408274
403600
421639
418686
428466
408252
422239
430630
408557
412593
401614
413993
408116
406825
423100
421022
411988
421265
424813
402701
402883
427349
422450
407251
425336
428381
404956
422087
408576
421592
419702
400925
416975
420920
409908
411531
407508
418685
432038
429995
425040
410039
422705
405153
413159
423878
404928
413949
407544
421989
401591
417251
420650
403303
421673
419945
424263
411199
409674
413760
426830
420294
425511
415127
429507
423225
421012
402492
421706
431745
404582
432644
429428
417720
425699
412782
416729
432616
417143
430467
414055
406806
407977
430080
411641
424319
424268
400055
424491
417313
426746
416563
430957
403581
421566
429979
427607
407964
405265
417752
400701
404560
411144
429562
424194
403644
416459
427480
422449
430358
410441
430071
430153
420780
415274
404398
428889
405029
432389
414855
429005
413194
401108
407271
400520
408197
404133
432114
426803
402280
420498
423081
422612
405872
417522
400469
412834
431052
410065
412201
418584
427737
426654
426531
422728
407600
404004
406835
411762
404450
408252
422047
409045
427778
417984
400550
430789
418660
427842
429668
410878
430245
402686
422133
419128
419435
415118
412125
432635
429038
430813
400551
410805
415928
402142
422349
425226
406185
429438
410840
415339
429373
405207
400840
402410
421394
407974
416182
405068
400036
409087
419512
430176
414555
428095
423685
404880
409545
420931
421722
423606
421932
413911
431260
422193
432187
429937
408766
406583
419615
424992
427749
413804
401599
403903
417482
415156
416832
409198
413536
420678
429004
420931
420024
404995
405907
418364
408865
411909
419344
412024
407955
425082
430990
402087
417102
427699
428778
432064
431294
402296
415130
431602
408482
431519
420078
410588
428653
421597
401046
403456
422636
428507
431717
430965
405546
420492
419157
402653
429457
424127
406986
423831
403793
411888
408859
414518
407046
419684
404046
421681
425877
416117
422435
401115
407382
411946
400469
424342
412537
429834
423452
414532
413090
429618
413174
432383
404695
431782
400551
419338
411292
410085
409470
419079
430940
425408
403419
414058
422411
407915
402414
404781
415498
420053
402625
425670
418379
414261
402809
404310
401589
416229
432089
409891
425162
409716
424455
411208
402055
427767
424339
417707
416395
421279
411573
418864
401532
409745
426710
405548
424103
419569
416082
412957
411878
419904
412029
410008
407751
416745
402148
400770
417002
423702
404693
431747
405931
404680
431649
411832
403713
431143
430624
421800
413606
428311
411382
404346
413049
408331
422165
403045
410912
400926
417795
405095
415473
422496
405598
431930
412435
415085
419613
424068
403168
430661
414232
400462
405902
402263
414155
405943
404495
400095
421974
432105
409653
419186
420297
415053
420634
400087
428447
429819
419519
413977
426376
431221
415475
402906
400748
414612
408951
422378
424108
411842
424287
416537
432299
409450
415163
407625
430221
423597
420727
424903
430654
425559
416384
432091
430262
417809
400936
430493
415612
420056
426188
407051
408425
403117
422580
402777
411823
421518
411706
403592
430618
425638
402223
427322
427413
430273
428922
410565
420335
422146
424706
400262
420319
421080
417999
424312
413766
405038
417644
414980
416181
415458
412303
411419
409391
422009
403451
432003
417328
427025
407462
406638
401901
421526
411415
411729
430558
410937
414739
418291
403834
417310
410232
418501
417090
414037
403817
403313
422144
427532
424875
401077
426833
401411
429903
410226
422497
418112
411794
403200
425462
414723
420865
431301
412336
413948
416737
417798
404111
406972
410829
422652
413365
417642
425377
409131
411245
409015
401047
426735
421741
430611
431024
404568
408408
405282
405078
404023
421511
412777
424511
426617
408585
410190
416148
429236
418536
410175
404563
429056
405678
417585
427762
400136
429352
424524
408645
400993
422762
419812
409249
405786
424979
417964
400450
409492
416979
430886
400106
410771
426282
420190
407243
416918
401522
415448
428199
402276
423199
410311
415542
430056
424262
418431
415688
410174
412764
432173
418347
423950
403009
403910
400335
400153
424828
418877
417320
400913
407241
425721
416852
400302
404433
414598
412670
420862
403256
408971
431490
402429
409564
407292
413521
406373
413020
427152
428184
431303
403416
427638
403228
410587
431352
426308
416872
421397
427568
422704
423467
430456
429122
412034
429532
425391
402436
428617
416671
420698
409699
411213
405612
400806
406952
419654
416622
410144
420346
405067
425641
426699
421668
423565
431840
425583
420249
430149
408246
400181
420021
411627
414995
419697
431174
421289
417481
425151
414539
422159
416632
432465
413692
419080
400815
418695
425226
425997
431699
428992
426023
421016
406341
409713
402889
425436
430399
403572
410155
400563
427263
415650
402325
426200
409512
422307
424414
428630
430693
421637
415535
413504
431439
407692
405001
405923
406929
429257
422026
430521
421577
418798
406764
421983
406450
411105
426830
431561
412161
411279
405687
430197
400780
400515
420696
401501
413361
427447
416785
418417
425974
421546
426295
413764
403181
430002
403093
419846
418907
423060
401072
430258
403352
402002
401744
429704
401721
413508
422715
400318
411885
418154
408388
424307
424613
403201
403588
429284
421624
425300
413160
416994
430789
416213
415468
426884
426522
420204
424357
419865
404052
408079
412165
415072
415624
402067
414299
409596
405794
416962
431385
413986
420300
427437
416730
428437
403090
424004
423843
430292
418115
407075
415337
427153
412186
414383
430548
416870
421021
431202
416579
406980
400326
409699
420112
400428
420193
410714
411925
401825
404661
406146
408687
416605
416870
410624
426113
431811
409498
415091
403772
416405
408155
430540
422046
428135
407869
409440
401273
406099
426048
418619
422774
424175
418039
405175
403033
427388
400362
420686
424583
423008
422202
415917
422085
410583
402563
405769
428866
400101
423942
411574
410072
425103
418568
423414
428943
408394
427893
412175
401763
409780
404169
404640
417351
425346
407088
421940
417897
431545
426476
425752
413624
400674
421880
400234
421284
423927
432619
419187
414244
406499
431646
400439
424446
421162
432145
412745
428611
431139
421899
418020
421144
403183
404993
412472
404412
406373
420793
406530
403911
406860
426544
420703
402864
402637
405048
428770
402066
411943
419941
425444
401200
402341
422954
418843
409142
427726
420416
426607
410562
404955
410183
407048
429090
419950
401328
400812
417760
405120
419290
421192
411899
405659
415611
401356
413048
407626
410946
424764
406297
421071
430011
400132
405613
413715
426098
423053
405257
428003
409179
428557
426772
411480
418161
409507
408585
421015
420254
427683
422584
403131
400603
414511
407694
407568
430232
430087
429079
403586
418398
427169
423617
425045
418739
418173
407523
410390
408894
419507
401661
430801
412971
415950
427842
410500
410833
407516
421459
425684
412050
421062
413774
423935
400643
418014
403207
417810
430157
406455
400021
420444
411348
426809
424209
423202
429078
424436
416666
404116
409813
432053
400540
404992
402296
419927
426834
403782
423855
400604
411786
413324
414038
408253
415913
401970
427676
415101
423662
401672
429412
427652
402939
431807
411627
431915
424337
407710
427179
430356
406939
415862
406912
403644
417390
410584
401930
407123
400975
402309
432466
405707
402485
421670
419504
417583
417745
411966
429548
406582
409292
415580
430755
428056
413520
420501
413420
402592
420809
429105
400700
415618
414701
410277
416135
425712
415482
402114
425384
410728
422718
426283
417027
424400
429789
415756
410473
412868
404943
406793
424764
410671
411944
410485
425683
408600
404380
411333
416031
414655
423746
432452
424335
426473
407704
426760
425778
410488
404168
425252
409372
432190
430377
406815
428554
410131
412169
418981
423241
424485
425642
414077
404179
430224
431242
428475
427196
404015
410599
405559
423884
430257
423811
421181
430446
411887
416165
415622
429256
418684
406112
420199
410412
408446
424727
415305
424879
432061
412481
414809
417303
418298
426602
405121
429307
419970
414586
406166
404261
417283
431418
413651
413755
428957
424980
424326
405663
420156
401691
401929
425107
430118
424523
418292
408225
408528
403473
401297
401722
412918
408590
412304
406429
426730
417048
425980
402938
417581
420993
404078
412887
419644
430236
422529
400308
407724
411774
430981
423658
402297
421122
419960
416985
409244
410384
410930
404034
404187
426782
421855
425458
423909
424438
413362
425889
417694
403130
400856
429593
412600
424486
410027
432283
416131
400150
428329
403326
413702
414792
423076
415769
408654
429922
414906
413667
403462
426295
415112
420569
400968
420678
412187
403744
422579
431747
412711
401388
425662
420699
427004
422304
411979
412402
404661
430391
412800
429487
403635
414946
413138
412410
408138
400370
425058
413252
406713
429049
412045
417096
407904
403756
405438
406417
415021
413196
416647
415549
430680
411206
420593
404224
414288
430295
407312
418156
426997
429427
416730
406895
428551
432424
422457
429085
419294
417343
405598
418735
424540
416611
418905
406476
424737
419333
425190
402184
416765
404478
431242
406955
414891
424054
406239
416179
412860
409605
407596
422940
410577
407577
403257
414558
428557
425368
409954
404280
416970
429766
403689
425388
408459
400488
425361
431435
428338
423466
403304
423090
413044
431678
410596
417621
404105
430150
420145
417659
416552
419700
406474
421258
412850
430063
414279
400517
403886
401273
426869
421843
419957
422224
408236
409154
406062
409937
417373
411211
407037
426595
414955
415640
408696
422931
414652
406979
429915
408444
402575
432225
428412
426858
414992
420927
418561
419775
427177
408043
429520
405525
410780
415094
407111
400804
409167
408441
408622
413798
431078
409430
407529
427898
405271
421568
417778
409799
422458
413310
418439
424929
425888
414827
427936
402480
428838
410306
405284
419407
420362
411800
425820
423090
414973
428970
415656
425868
430201
425817
416625
418799
421716
404723
403806
415285
418710
414004
430795
428960
430472
422669
419703
403261
432397
415651
403836
421390
428341
423835
408965
427623
406032
416149
420667
411289
411840
423414
410112
415438
430546
428011
407008
404020
427471
421803
428228
430942
402445
428540
414697
423911
419787
401656
411025
419672
430973
416273
419577
432459
411237
410963
425610
431825
430179
422377
418387
430866
423950
404451
413367
407347
403203
411446
431459
419197
405630
400388
407684
407483
402983
432158
411190
408803
421678
428488
428095
408057
431513
427964
416765
422449
425437
432753
411293
408148
408748
428700
432526
416612
425743
424184
408373
428163
407732
402242
419811
420881
429193
424584
425732
430101
402314
421540
405657
402910
419286
430852
401128
422122
412169
426156
411761
416006
405190
432509
413221
419767
422547
430263
420307
406745
409066
416957
403683
427654
406412
423448
409414
403513
424729
427967
427693
408883
416222
423061
425465
430622
413166
415284
417011
406001
417652
415977
430142
410131
400455
432383
405898
420291
422335
419137
413705
411831
415944
428730
400679
409859
428084
429503
414070
432189
401750
422960
417255
406495
428748
427258
408896
423148
421276
401632
424394
423639
428163
432252
408394
406944
413065
402304
422195
417600
425433
417090
421146
414791
407504
420472
426346
400324
404308
404543
424025
413285
419943
402531
423707
408799
424955
421594
401749
415120
413448
423057
430292
429411
424925
408428
423295
413685
429492
423816
422282
408310
417416
410051
427501
403665
427819
431998
402197
413327
431507
427937
405977
422136
425332
405728
403631
423164
423701
423229
426272
413522
409692
427726
401785
431967
422954
405953
429764
409945
420847
427933
424694
410540
417653
413642
426858
404381
407296
418132
406414
419117
410521
412140
401373
408128
414119
419376
404749
412926
412095
413484
415625
430458
414653
409888
429857
428689
405524
417667
424704
413206
408418
424521
408031
431148
413768
407650
422521
415218
424824
412547
411711
409446
407055
430376
428108
424067
432678
410842
402075
428461
411043
403373
410488
417615
417621
409870
401716
405699
422465
400571
414237
413298
430902
403987
409261
400188
427176
401552
427010
406810
412859
429458
416398
430337
422301
421726
414992
429578
413721
426342
428995
410577
409705
400843
427989
430106
425292
415776
426778
403387
426329
406897
413698
405174
413331
402819
425417
400293
414781
401758
429293
420443
419568
430857
411621
418248
425706
420501
431120
422173
405673
427100
413420
419889
431033
410763
428936
429859
429002
429022
410684
418114
403461
420267
414871
421673
429216
405282
413593
404526
400048
411603
427554
404222
412223
424817
414123
429441
420511
425173
423732
404484
408829
420421
407165
407446
400697
402167
416121
416690
404726
431569
415744
402207
406765
421235
418756
402453
405638
408951
422022
407457
407465
431351
429194
409674
408273
432720
400712
410613
410979
431142
414820
417030
408127
426921
422112
411336
409236
406550
401553
428303
411384
418688
431567
427804
424632
420048
402801
423360
418156
424715
426233
425157
429775
425427
418059
427913
409806
423729
406564
428268
402399
430737
402824
407148
405908
414990
430204
425615
417136
419568
406454
409218
427001
431731
407826
424703
413710
423883
419206
401523
428667
411236
427352
429665
427979
420718
419982
422401
403550
413081
426919
406574
401083
413213
428168
425599
421926
431870
428985
400307
418678
401038
428497
407378
414241
427059
418095
409745
429977
404074
431083
423030
416475
406028
419340
414526
429636
408273
404476
427260
426407
429330
417081
422274
414366
430291
409420
429956
427805
407040
408831
405243
409165
406007
409035
410312
418711
407111
430480
421274
432126
427191
410761
415249
411059
427147
421758
427556
430563
408834
415803
416192
401620
416035
423490
409777
417840
432313
405437
415686
412577
414365
418486
400688
417693
420915
429706
410668
405124
420407
405915
420834
412648
425658
405318
408972
426539
407655
414229
407002
427600
407307
409141
400789
400907
428373
419882
423300
420890
432090
418753
416140
415448
409947
401222
401178
408848
429131
417528
406214
421135
430476
429242
424240
430589
427130
405515
407342
428909
425002
401976
410922
418610
418291
414416
430533
415092
403758
405593
407488
401156
406587
428353
404253
427501
428741
424216
409985
413772
410950
407036
432605
400737
414157
414292
403277
414949
423423
411329
418625
401566
406107
415825
420570
402482
420547
405238
428951
419641
423992
405559
426800
402837
428006
422438
423618
424454
420704
416402
419117
431865
409132
409213
432314
426401
427138
431568
416770
426825
403281
431950
423435
410857
422275
413895
405939
411895
422530
429966
422994
407423
420347
404781
403355
405622
401634
431190
424643
432204
414646
430621
409318
430784
430598
411493
418470
401400
407348
413336
413973
430033
417913
420252
407509
409460
427049
412674
424061
415018
429624
415104
411967
421489
402942
413857
411848
422991
426295
428475
428392
428518
419918
414242
415603
411977
413659
410523
409319
410254
404330
415763
431182
422180
417150
403857
427238
400231
420053
421482
422400
413810
411374
427444
400294
423988
427977
403452
417408
403911
401134
430140
428281
408572
426416
405767
428957
410683
424627
412167
428229
423818
415404
422313
427895
401899
413288
419607
413064
403435
414224
409703
402691
411256
432555
411921
430287
427251
401124
402599
406667
429446
418829
428480
422845
417720
404581
403766
429100
430398
428438
431505
405386
430356
418434
409282
417878
401613
415551
415253
431617
423976
403040
405089
420944
411363
423799
420993
418305
428244
405208
400392
420529
417845
405151
425009
415741
420416
403700
432405
417256
410108
419725
427297
407164
402774
404597
411334
403637
422003
430092
413298
423578
418629
426064
428224
423597
419164
410970
418028
416901
408575
405291
411529
423098
419452
413865
430454
415745
431292
420837
410382
416152
420890
422815
400287
406757
429685
411148
423197
409178
432004
427223
412696
400283
427114
405093
426988
411363
407947
416861
408376
418212
400029
412520
410769
432749
420098
430133
431991
403985
416853
400833
413063
404486
403779
426197
425971
415243
420508
423120
432432
414477
401577
406950
421614
410956
408257
406313
407629
406458
417559
428423
406606
419491
419030
418580
431239
423827
406640
403274
426012
432245
426546
400142
410346
415224
431901
415285
425221
416055
400369
406087
419429
421016
400010
431747
424668
411636
403823
410915
401995
419833
423337
429537
403734
423117
401105
428473
400597
424948
432493
410609
418125
426356
428925
422999
430494
404535
415568
405194
426429
430512
411804
404475
422949
419010
432078
429941
415690
429021
407455
413403
401999
418410
401640
401009
432760
403817
430263
427742
403170
420696
421026
428081
423154
415575
409947
421409
429067
415627
429957
407961
401668
419520
416454
410484
409049
420178
405278
425093
430496
429389
430199
421594
425151
423379
428157
418881
404829
406974
411311
415244
417814
417159
427702
428562
432371
401511
405750
426230
419993
414907
420196
432556
430528
414637
426135
429624
402151
424977
424737
404921
415814
416909
402207
423847
416261
411901
415759
425049
404139
417557
430306
403146
416217
409160
410706
414620
413496
423657
404342
416093
410032
423057
430740
419338
405211
419776
404534
415185
419513
422599
400000
419611
425893
400869
402112
421834
411271
415408
409415
423871
425804
425654
426872
416928
428435
413029
427550
418520
409001
428328
411139
415711
431544
416723
408766
403899
423739
411201
431052
432071
405685
423739
405474
417971
425891
428444
427650
430540
406191
421299
422349
416637
408614
426473
423576
429846
411820
401060
405697
403917
405039
432491
416195
430339
411417
426826
400777
418760
429514
403064
405888
427424
429125
427831
418288
411271
422953
420860
428428
412724
422628
405712
403272
401563
431651
420342
427626
428469
414860
432590
404708
429699
429744
425465
426977
413009
400443
407486
421534
427832
407918
414636
410491
427238
420048
423041
416594
407714
400672
402763
404231
409994
409485
431821
400224
406559
419370
412708
430871
412676
413340
424619
419630
420611
422165
401691
402819
428369
409479
432631
421284
424723
419089
404775
412644
405280
432574
419042
412335
412425
417390
403922
405018
411735
406804
420467
429502
423699
403746
414141
409799
428428
408642
413954
413768
429396
428871
426265
418770
423308
409443
401084
416836
432737
401306
402991
430308
414167
415350
414242
418479
427462
409597
426457
432622
420641
414688
412298
410122
409214
425973
407559
423841
403923
427751
426140
416985
407422
407341
405563
403445
423561
429624
429782
426022
406571
400369
411149
400547
421522
408162
428553
416251
419039
421299
412072
407978
419955
426073
403930
425963
414569
405386
413771
418766
411747
424948
409922
427402
401290
422574
414921
401172
402640
426607
427790
402161
428921
405758
403465
408904
408281
410857
405087
420667
415839
407418
405894
400503
406226
426727
413482
430858
422619
401609
425936
423286
406724
412879
401082
411395
421759
417716
403722
408153
412906
415342
423978
430669
415569
416169
424810
427260
401460
416115
406763
414998
410699
430393
425405
431485
422088
428018
415044
412431
413148
417946
409568
417983
422524
429794
424140
401899
410981
410662
424775
405226
421726
403615
403186
401380
410301
406746
426874
412134
408620
409448
419702
416309
426157
430808
427667
408547
425180
401378
404206
424865
428404
401381
400833
400852
407829
408468
426818
400107
406341
428523
404936
423407
409780
424809
404528
401755
421060
427385
431999
402991
417864
401969
418760
409920
416140
423998
407633
420562
419223
409375
430833
425064
409260
406418
408252
420059
422935
405580
411107
408234
409382
409325
407253
412817
403829
406835
423082
421981
419950
406126
402114
423934
430609
430388
400297
414942
429809
401749
430910
409969
421247
409105
402453
403726
424587
431241
412697
410109
410376
405108
400502
429521
418576
431379
401590
406519
411176
401511
409897
420496
408772
411297
402571
418172
428814
425946
414945
418743
414947
430596
404388
402153
428830
416033
411937
418104
409114
417715
400160
421217
424306
416627
407236
402695
429323
418373
428466
422219
419669
420716
403061
422300
419021
422138
405538
411856
407751
411019
403767
409716
414570
422451
403913
407137
420092
405685
409823
428176
425568
415222
427289
422704
401116
409777
432277
431349
401184
401515
402450
429490
430468
403626
429398
420650
413586
427106
421070
415780
408772
400816
427637
410045
403086
429514
412150
419586
419231
411959
400917
427710
402533
416827
424779
401297
421583
412566
432560
423490
421718
421230
407071
415318
425278
413321
406164
409826
417817
423871
431576
425373
421006
403375
405089
410169
417368
414898
416883
418804
430993
428813
411532
411498
429361
424811
426751
426669
415954
413066
419295
419223
411574
428852
432670
416863
431882
407409
403190
417899
421228
419323
424584
420709
414124
419570
407236
401553
425679
416465
411016
401502
407898
410273
423948
408123
428493
417900
406909
422059
426093
424949
425192
426908
419398
417702
409178
423157
425841
401866
413510
408430
410259
429564
425510
432036
403878
410335
428389
409453
425980
415760
425341
414568
414080
401497
409181
414425
417600
416808
409613
426420
408872
421951
406164
423160
425232
423084
402714
407870
428794
405500
418890
411538
401044
414380
432122
408705
419333
427744
418830
427379
413157
403543
430233
423996
428685
407711
425286
428269
411282
418693
418807
430576
400012
403408
405163
418388
406044
423983
418981
427621
410157
419951
422603
425600
406649
408305
414540
415781
404559
418396
415877
417102
411796
412559
401190
413183
411401
426970
420752
415775
421067
429933
423554
409990
415776
427024
421109
424023
401264
408597
403268
425360
418194
406923
416656
417247
404298
422325
413539
404664
415247
420027
412819
406948
410641
419230
417130
415708
400762
417393
431107
409622
422644
400583
418039
423071
420204
412264
408890
419754
414486
407112
404287
426984
416178
419257
414563
419672
400909
411103
409480
409697
422090
430436
424448
426270
428130
409198
431022
417017
415850
428238
415079
410747
421397
420987
401566
414562
423417
402494
410433
419060
413462
426158
410334
410260
413460
404319
418570
401555
400332
404055
420611
417096
409098
407489
421524
407139
414097
410086
400953
419966
423520
403288
418436
421109
419636
426864
411327
412152
416078
401147
423635
403678
428406
416049
414825
403132
432704
400615
419662
430903
403342
407045
404764
430486
406358
400185
429079
413724
413606
425965
421205
412052
403941
410231
410146
410925
416603
428688
424098
428168
402164
404488
402360
421904
420928
401848
416295
418186
411583
406711
430327
412908
407644
402385
423195
405363
424503
417588
428112
412912
403111
404589
427336
430947
416128
411283
413448
416970
408465
413378
421775
426811
431729
401611
420280
424753
415100
417834
418401
419876
432152
414009
419021
417628
407869
414371
411207
412934
421940
428826
421128
405384
421534
401229
425563
400658
401337
427028
407551
411509
421087
409838
424141
422457
404303
407214
408730
429801
431920
409201
429919
422834
425939
406739
408472
417837
428345
410979
407529
410744
403157
428628
432135
425611
406418
414837
427222
426441
412440
405347
425935
400598
411723
423420
423333
414121
429333
428824
418856
422882
423782
428660
431977
426333
403321
427503
410143
420103
424792
402169
423241
406512
418722
404552
408341
410786
423308
420812
416001
401586
417318
418022
425280
424084
400096
403157
416607
418227
400204
401265
425000
423617
405541
407067
410823
414284
420753
413428
424235
432019
415395
407117
409007
425367
401444
402527
416762
430197
403603
403772
413475
400626
429930
431366
416537
424536
402851
405599
406339
403073
420219
416032
423011
419889
421750
415566
423360
420777
416931
425546
406916
429432
415265
421447
418915
411541
428514
428545
414845
423083
406703
423085
413574
417204
412012
404523
432164
411081
400798
430979
400024
419896
409386
426383
430241
400600
415583
403445
400541
431769
409399
419417
401394
421983
403674
417232
413868
424977
426596
415895
414312
428012
423400
416261
415344
429598
404149
420542
427815
426640
404440
423210
410280
406275
432098
411173
420010
421214
425451
427512
409511
417862
429014
408968
406845
420336
422359
408526
425428
411955
401203
421767
415617
419042
408647
428333
422954
400728
427468
424229
413419
416852
421209
400954
422073
415496
402217
407626
419909
407148
421151
422719
424227
432600
421639
400961
411180
403410
411679
418603
424737
401701
403926
430651
407953
404019
412627
415245
412924
409227
418105
418762
420408
426686
422698
424861
425492
419951
410762
413030
413500
415914
402181
431539
423772
415863
411987
427756
423816
416686
407226
414413
420828
408076
401365
419865
402015
424583
416917
407693
432429
420063
423813
400147
403414
403830
410194
400953
415745
409441
430986
417505
405845
407743
430500
407354
425113
423241
405313
416239
410137
408363
408753
404894
427852
429587
406201
425099
430005
425095
400019
412822
402695
415611
407351
422762
404108
428067
414681
408312
425927
423942
416691
404004
423513
409428
401156
411069
417569
429433
420185
417203
422567
425970
412939
408196
432315
416607
411657
409336
414553
416474
402903
414222
413904
428424
410327
402742
420131
416365
431304
404160
428720
422533
400524
413845
416271
416016
402734
414501
428349
426541
422947
408736
403962
419754
413392
418921
425839
402459
424269
426696
430868
410665
430697
404703
430289
410157
422126
412895
405092
417790
419366
420475
401922
414470
428445
415645
420929
423580
422441
431448
424245
424078
426024
427295
416985
406524
400649
408116
405169
405101
431118
425826
411822
420636
419919
419055
421202
428179
412675
420557
432404
416891
400635
400144
426758
426419
428655
403621
430261
429215
411645
419392
409937
416195
422383
403862
414734
404112
427709
421581
404937
427133
432594
413744
410095
427610
402323
402984
426651
403425
430750
418663
400382
432015
426575
426343
425732
404146
408201
430355
425780
431042
416947
410564
427993
414452
418304
426094
404575
431373
413428
416028
432127
423028
409636
423065
401567
413836
406589
409712
426227
405312
407367
425751
425449
416992
414507
427624
424772
409131
420211
410192
410502
428205
416338
413643
427796
415051
400612
410640
415381
409884
404662
422920
400539
430202
422025
413701
416389
428121
425555
403377
404644
422360
417927
420421
416156
424982
409750
407291
422157
421959
400054
414149
408947
420871
417506
413759
429387
431597
402210
430818
431992
426084
412428
417403
425700
405174
411787
403932
407914
421994
416223
422866
417268
427728
420069
406871
400864
411866
421785
410632
421289
407853
427481
407769
401603
410232
425068
405255
425158
429573
403778
421710
427983
403598
411901
416605
431651
420177
432561
404871
416534
413542
430824
417979
426284
411985
417514
414902
429437
400084
424251
426615
430686
414983
431716
414963
423229
431274
407798
424459
412621
424633
432077
409531
431204
430913
407954
414100
413089
401011
420227
420460
405841
421878
420215
413268
431763
415874
427292
401610
409403
413099
420484
420656
431221
410618
420832
419709
431787
421698
429707
418611
427176
417073
428874
413329
425469
400934
402386
412681
402595
421954
422282
414708
426467
401602
430483
409733
406131
432012
414214
415227
400866
409863
410748
400155
408885
412208
416212
431582
406739
418539
420656
409703
411038
424598
414785
412215
416099
404196
426693
424356
405108
410857
401229
409991
419475
406641
406340
417590
425234
404886
421933
431282
419897
415890
425004
414497
420328
421841
419784
420222
414589
427083
405743
428943
409848
416784
423738
410903
429918
401188
410995
404814
430683
411278
431189
421518
412970
426412
420498
423503
406202
427465
409115
418133
405769
424945
424603
423976
429012
426244
414020
413637
412275
420874
406991
418451
408831
413382
404670
406936
416949
418958
413413
417261
428959
418650
402984
424559
423793
418586
411526
423352
402353
413517
413271
402510
417562
431823
400593
430873
403523
429554
427473
432667
411004
407249
410585
427867
431096
418785
418132
423458
414258
420041
423458
403050
420233
413044
417360
419988
424749
407396
413223
422233
406591
425289
419689
403971
404788
432338
406487
413917
415867
420547
403702
425448
410719
427336
432403
417743
406574
422024
406917
410909
414875
400766
427570
411054
429921
424708
424533
401507
410153
418097
423550
401690
416942
411365
426970
402142
403999
423330
427188
426586
412101
405406
430652
431252
400101
424982
419719
423384
401384
429540
425432
410865
400569
424020
409118
401056
423023
402996
420797
421190
428588
411434
404625
418020
403780
403275
414256
402245
407714
402664
411760
400506
408936
407723
412970
416647
422102
410595
415037
423772
421229
432413
410325
424967
407380
422644
413933
407591
402426
412970
415762
425636
419069
414711
413802
405661
408139
417184
406774
402338
429959
401996
404500
407588
428206
402964
432456
406569
410106
428377
425019
407108
411398
406362
409860
414917
427316
428805
419239
408877
408908
406030
432347
419813
407653
423487
407057
406575
410633
421135
410289
426076
407956
421237
413863
430656
431325
416766
420382
418787
417304
425246
420491
403577
420603
410051
420078
400788
408352
410160
431957
425113
422827
416521
408481
401520
409132
401578
402828
406400
429767
400573
411115
424411
431506
428556
412465
428981
417598
426643
419637
431131
420090
414682
401973
419810
404372
421250
417562
428253
418273
400925
423165
420179
429664
430659
426475
426927
427034
412130
416485
432762
423628
423893
408875
406663
415304
425912
402619
403821
424217
427515
420884
414266
416358
411190
432447
406118
421657
402364
424976
404742
415295
403571
426410
432706
420018
419299
418113
413961
420854
421004
427556
424196
420962
413053
416506
407752
426624
416290
416331
431183
427958
431710
428099
429993
425509
430297
407987
420335
405457
431516
412761
427129
411906
421595
406625
412240
422379
403473
426795
404454
404362
427859
412495
426757
422863
405725
427487
422662
423168
403698
417004
432451
410716
403427
425803
401871
422911
423021
418200
431204
424965
407623
430204
421276
409330
426748
423980
415844
404818
421623
410930
400302
412828
400604
410224
430183
402780
424223
415842
406441
416913
425935
430499
403761
425044
422578
411827
410131
405435
406935
418551
416684
423421
410856
408833
404185
430295
424575
404498
411494
406062
431290
407773
429002
404725
406482
423822
400657
404817
409960
401675
405273
408571
423521
414074
416001
430311
422644
430083
429535
424227
400641
426967
429489
414721
407717
424561
418455
420728
421643
402204
409151
404424
407429
402357
412576
425565
415451
420530
411883
412662
420067
418403
425406
420358
403537
420216
418203
423770
420049
406724
427674
420861
423763
425536
400474
417881
414886
402771
401213
413598
425545
402512
427989
416104
407934
425793
429721
411292
431263
430051
415709
415122
430773
414449
400385
430458
406855
400037
401384
407800
415856
412285
430507
423954
431412
426043
400783
424268
400916
413231
413493
430609
412128
420536
430865
429653
409805
424201
420893
417657
425928
413481
405967
406127
402953
417085
420424
405790
409834
432650
431310
422664
428538
432310
424060
418090
412493
404430
412472
430371
417303
407950
410854
416665
423801
402780
422619
405977
407451
422549
417685
423613
405243
427148
418473
417491
413189
401360
404732
400315
422627
430254
419126
415441
428438
400119
419956
409357
422470
431876
426814
405031
401878
417782
407224
403710
405692
423746
417308
409402
412688
426350
411751
429616
408802
426005
432723
420615
424401
421169
429190
423961
423641
400282
416265
403868
403309
426185
422651
425346
419526
412642
411527
420509
408186
421362
409363
412423
402256
423796
405434
411073
421971
421659
420349
424858
411685
427467
404661
424787
416918
412648
431436
409856
425077
412628
417837
410801
423847
404915
429433
416850
428405
411762
409084
423120
408874
410631
416863
419454
426206
405754
419487
420022
416397
407844
420798
420035
422764
413111
430520
411646
421244
423550
407480
410936
407391
403046
428172
431448
414315
407870
430422
421701
409341
425659
405637
429831
426767
423615
422148
422953
425741
402138
402865
417633
427237
430354
416017
414579
419166
426975
419138
400722
419754
416634
411697
403336
417598
402519
428045
400601
414689
421616
408571
400931
421891
414917
429323
429961
403793
413345
410474
409808
415622
409630
406490
423177
404868
416875
401760
429425
411811
411725
419644
416661
412233
400740
425758
417466
405435
406192
407447
422011
416818
413268
405198
402612
428338
402585
419188
417951
430359
411701
425466
421181
411633
421838
424961
428280
415377
406714
432146
408710
412644
405257
424847
423696
415872
430789
424169
406932
419965
406136
431124
407944
429958
428783
421688
430784
424751
408638
421802
426129
417673
431108
405274
421431
430581
429296
429326
429684
411189
419716
423055
416378
401865
409625
404001
423947
432504
411172
407033
412383
412973
424119
409195
406854
415236
429131
419490
412686
408229
417212
427411
426407
425425
431765
411955
429189
424762
419470
432616
429254
427672
423507
414270
406805
426233
423815
401116
424654
415832
423433
400054
430434
402802
413302
424836
406782
416725
421359
418418
428135
409658
409372
402713
428585
432404
419952
402094
419056
413033
409519
424313
401206
419297
431790
405641
421406
402461
410971
403879
405408
402505
431356
421768
413671
408821
422076
406599
400887
430368
425827
431122
414611
428182
428645
421923
414814
402045
415262
423409
419904
415274
413532
403112
423179
423481
406046
422615
424799
412124
429467
409193
416459
413811
412038
418007
401716
418653
430225
423324
420219
403982
410672
430312
429402
431202
417183
404632
405135
413489
417830
418150
416573
419620
409756
409693
414095
429511
419370
417937
403102
406751
403537
423180
414869
422909
421422
425739
422931
420947
414461
421995
402640
401095
422877
414302
420228
419910
412370
410722
424708
432219
408336
419700
415406
415232
406135
428416
429064
411316
427098
402717
429476
404429
418180
428407
428359
420368
430461
409228
428873
405375
413961
424348
422207
404338
424434
407002
421848
429289
415751
410984
405509
408353
413541
421506
411485
425061
407541
420090
430015
425767
430646
413668
401977
424271
424253
416658
424232
414163
423418
423875
425377
428168
432060
428567
427024
413752
423415
425158
424991
429812
425798
418194
415706
407723
407980
409850
421392
407548
415775
420273
416764
416073
411975
414798
404004
420877
402307
421701
638
429679
430637
419606
407010
415511
403487
409284
403083
414016
408437
412809
409121
425742
405141
421576
430282
415266
412269
429379
417680
420461
429564
408206
427015
408385
431892
428484
409391
415406
428126
420984
421787
411403
430238
404718
422611
425683
423736
415883
407032
407219
414196
405131
407974
422368
411646
419570
429342
400558
427569
419269
427173
424287
411796
405113
405287
413496
400677
404396
413472
430043
410582
401171
416445
419536
413654
413108
411454
419685
421393
408661
402334
412856
423162
430132
411254
426002
401800
419832
430879
416118
402814
409832
432662
413306
420592
408667
432293
426838
405763
416111
400320
422459
419316
423678
412206
400614
418396
405966
432617
425076
420274
422664
423110
402296
431121
410348
430168
411211
427323
406466
425234
400803
431327
424212
405677
415591
412695
425754
430025
428482
416821
431734
408279
416887
422591
428066
401974
416884
429752
402854
402844
404905
408353
403854
410296
429850
414400
424987
431894
419123
405792
405561
407874
409180
423129
412849
404784
427470
407313
406944
423899
415909
416835
412200
431661
405814
418368
428645
416543
416930
413555
416162
424225
421548
403304
405709
408252
403399
428176
415017
405110
426355
415550
419651
412150
414922
432630
417319
411752
413526
420583
410323
411683
404006
402102
409580
420745
415521
401533
416176
426287
432282
414484
418348
423743
407332
419727
425391
400922
412071
